-0.04937353925086204
-0.04942095694135516
-0.04946776242888672
-0.049513970787134494
-0.049559567531962924
-0.04960454860320908
-0.049648900123643355
-0.0496926226157341
-0.04973571100075835
-0.04977815650634655
-0.04981994205655257
-0.049861077343803
-0.0499015463363972
-0.04994133697645692
-0.049980465059146925
-0.05001890651125364
-0.050056652371073346
-0.05009369851226867
-0.050130042685745946
-0.050165671479951726
-0.050200594917682584
-0.050234767546712744
-0.050268225404968815
-0.05030093559891167
-0.050332894756484635
-0.05036410158531996
-0.05039454829830438
-0.050424231151876886
-0.05045312409877896
-0.05048124131236146
-0.050508562496786584
-0.05053508439653608
-0.05056080557941885
-0.05058570779263439
-0.05060978434123517
-0.050633030714970245
-0.05065545673804821
-0.0506770116984497
-0.050697723513288814
-0.050717575810892264
-0.05073657521323351
-0.05075467297324628
-0.05077189385081609
-0.050788229459000446
-0.05080364843347877
-0.050818179987591396
-0.05083176983913541
-0.050844458658261156
-0.05085618854334704
-0.050866992914541116
-0.05087684024630411
-0.05088573337234241
-0.05089366188955851
-0.050900608459906044
-0.05090656407736823
-0.050911540629049776
-0.05091551918405119
-0.050918466086321515
-0.05092040982116607
-0.05092133274883667
-0.05092120654452289
-0.05092003867807709
-0.05091781433466253
-0.05091453339414195
-0.050910179968615285
-0.05090474000923885
-0.05089821153438878
-0.050890597729212006
-0.05088187048543247
-0.05087201343264555
-0.05086103545739873
-0.05084891983252508
-0.05083567040067482
-0.050821261292310245
-0.050805686475971806
-0.050788932361118866
-0.050771008429172974
-0.050751888320782985
-0.05073156891024946
-0.05071003223549788
-0.05068727341276078
-0.05066329365434629
-0.05063806783585837
-0.05061159290672129
-0.05058385474156423
-0.05055485153654172
-0.05052456993840594
-0.050492990567671835
-0.050460130422746836
-0.05042594424367383
-0.05039044323804512
-0.05035361507530079
-0.05031544087267485
-0.05027592347960765
-0.05023504539990607
-0.05019279657344504
-0.05014916412911831
-0.05010414167072535
-0.05005772215427734
-0.05000989103341158
-0.049960633243132484
-0.049909947513866515
-0.04985781476122728
-0.04980423154143671
-0.0497491832640294
-0.049692661933526686
-0.04963465927194824
-0.04957515261657397
-0.04951413958452865
-0.04945161570267925
-0.049387559834924676
-0.04932196363367869
-0.049254821511506515
-0.04918611850328049
-0.049115841648715707
-0.049043983588900934
-0.04897053263543556
-0.04889547274097857
-0.04881880488076549
-0.04874050637074708
-0.04866057019113832
-0.048578989161479735
-0.048495745528782004
-0.04841083099766893
-0.048324235142136206
-0.04823594501511177
-0.04814595074920916
-0.04805424062737813
-0.047960804708823974
-0.04786563101362593
-0.04776870428187657
-0.04767002118256891
-0.04756956983395947
-0.047467323273078815
-0.047363286867857
-0.047257444898878155
-0.0471497865125368
-0.047040298109130005
-0.04692895954148299
-0.04681578579169296
-0.04670073768690625
-0.04658382915702366
-0.04646501911740834
-0.046344310647253445
-0.046221695775203867
-0.046097157302441336
-0.04597069390697509
-0.04584228351345915
-0.045711917589107025
-0.04557958375923471
-0.04544526992683696
-0.0453089771926254
-0.04517066113468176
-0.04503034885230906
-0.04488801583850222
-0.04474363535289212
-0.044597212350908036
-0.04444872987491878
-0.04429817981086387
-0.04414554253835711
-0.043990822565395514
-0.0438339880199199
-0.04367503329173251
-0.04351395767539798
-0.04335074710803666
-0.04318538100601413
-0.04301785630022619
-0.0428481607702894
-0.04267627262113723
-0.04250219001795125
-0.04232591538275042
-0.042147423099912776
-0.041966685053805554
-0.04178371666182432
-0.04159850294915626
-0.04141101095907127
-0.041221261918043255
-0.04102922655916352
-0.04083489390968858
-0.04063826846221453
-0.04043930967945204
-0.04023802902907558
-0.040034413435758816
-0.03982844810405009
-0.039620126500270636
-0.03940943513039391
-0.03919636775299886
-0.038980905974429166
-0.03876304495718241
-0.03854278116566445
-0.03832009081530249
-0.038094969843386374
-0.03786741350267281
-0.037637402510406925
-0.03740493738664433
-0.037169999915633765
-0.03693259132718624
-0.036692684373158785
-0.03645028520937602
-0.03620538278548112
-0.035957956214813236
-0.03570800662579756
-0.0354555321420435
-0.03520051163576587
-0.034942941031513755
-0.03468281173848433
-0.03442011077008642
-0.03415483478621213
-0.03388697945189112
-0.03361652750949246
-0.03334347703477724
-0.03306782316094602
-0.03278955512523824
-0.03250865996128256
-0.03222513765666692
-0.03193898049582846
-0.03165018042023033
-0.03135873003212898
-0.03106462568627202
-0.030767854819653263
-0.03046841999426475
-0.030166314001164724
-0.02986152275058587
-0.029554049973451495
-0.029243885398370265
-0.028931025731710525
-0.028615469634600734
-0.028297207017449175
-0.027976242869950166
-0.02765255228527987
-0.02732615280154705
-0.026997032643272047
-0.02666519139046169
-0.026330622187525965
-0.025993323423814527
-0.025653298175458285
-0.0253105378124976
-0.024965039745372834
-0.024616806194261924
-0.024265835470011533
-0.023912126549956
-0.023555678531962644
-0.023196490740420735
-0.02283456056763721
-0.022469899494898492
-0.022102493243502844
-0.021732351662157166
-0.021359477824506937
-0.020983872812183182
-0.02060552579770874
-0.02022445387964753
-0.01984066111867679
-0.01945414346942384
-0.019064915533621978
-0.01867295868084871
-0.0182783074214092
-0.017880947575350886
-0.017480895300496006
-0.017078140937099643
-0.01667270477992668
-0.016264590219578025
-0.015853813209586145
-0.015440371487527103
-0.015024274658939102
-0.014605534311709138
-0.014184151203032739
-0.013760160320356237
-0.013333549350400742
-0.012904335948637975
-0.012472526206204005
-0.012038158695867645
-0.011601209425634184
-0.011161714413251927
-0.01071969021685605
-0.01027513790869692
-0.009828084222393669
-0.009378543155220617
-0.008926528150197725
-0.008472061839651143
-0.008015161903088656
-0.007555854763625105
-0.0070941373733873535
-0.0066300480660298885
-0.006163608364599787
-0.005694839320600125
-0.005223759315961754
-0.004750398818222188
-0.004274782485620185
-0.0037969234702395958
-0.003316859302353226
-0.002834620855210876
-0.0023502235879596014
-0.0018637078179804213
-0.0013751036335103216
-0.0008844343120191245
-0.0003917338912525035
0.0001029646222123442
0.0005996309960497217
0.0010982164826830794
0.0015987035736796352
0.0021010404406982515
0.002605197873834494
0.003111131705453326
0.00361880182899229
0.004128175839087691
0.00463920863143082
0.005151852598205281
0.005666057477568919
0.006181788983063758
0.006698991331435727
0.007217619911138624
0.007737629563800166
0.008258959190482551
0.008781570162591497
0.009305405245373901
0.00983039898837669
0.010356502338352953
0.0108836617256666
0.011411814960831755
0.011940900432460667
0.012470861286147179
0.01300162983734861
0.01353314451720507
0.014065336906327882
0.014598141269358256
0.015131487949221959
0.01566530738393166
0.01619952588994423
0.01673406987554141
0.017268864546783176
0.017803832406733666
0.018338894606242936
0.018873970929364107
0.019408978795416438
0.019943836547623408
0.0204784531989073
0.021012744917087583
0.021546629126411285
0.022080000309507363
0.022612776180394555
0.023144854890812232
0.023676146214769298
0.024206551840522828
0.0247359575697459
0.02526428213756652
0.025791405602599436
0.02631722350948864
0.02684163553215125
0.027364526044706874
0.027885776130100886
0.028405275909943368
0.028922909479236595
0.029438556484536985
0.029952097905840004
0.03046340841410504
0.030972365646662198
0.03147882745436187
0.03198268959449356
0.03248379879542715
0.03298203296783117
0.033477246228786894
0.03396930251761221
0.034458064728015284
0.034943378718695246
0.03542511175562725
0.035903105950997466
0.03637722521120288
0.0368472919805424
0.037313174864933345
0.037774699331677444
0.03823171461842915
0.03868405729407402
0.03913156158420465
0.03957406274627899
0.04001138983840819
0.04044336827912568
0.040869831164290764
0.04129059503544488
0.04170549148168705
0.04211432754982629
0.04251692406260201
0.0429131004472711
0.04330266297468394
0.04368542712939914
0.04406119624096842
0.044429780915747806
0.04479098273210358
0.04514460278888373
0.04549044373057461
0.0458282972125539
0.04615796805319665
0.04647923829176326
0.04679191296269353
0.04709577082658817
0.04739060631141026
0.0476762067011283
0.04795236133134254
0.04821884485783077
0.04847544608631186
0.04872194416088316
0.04895811540310877
0.04918374633222867
0.049398613179594916
0.0496024915420622
0.04979514065629809
0.0499763671853064
0.05014592219397331
0.05030358917616992
0.050449153404846986
0.05058236872516572
0.05070302505391884
0.050810882563731265
0.050905723893194164
0.05098732537350563
0.05105546272701478
0.05110991405627506
0.051150454975007156
0.05117686801520284
0.051188925292410266
0.05118642027055673
0.051169138752610754
0.051136859009774875
0.05108938154301124
0.05102649633921445
0.05094799644582846
0.05085368468877493
0.050743355064107175
0.05061682699797259
0.050473910210790535
0.05031441384768771
0.05013816495792602
0.04994498946266721
0.04973471972265035
0.049507193492773834
0.04926225833531472
0.04899976017233769
0.0487195703781749
0.04842153815459008
0.048105555715262156
0.04777149881245025
0.04741925263778829
0.047048732810217
0.046659844365462076
0.04625250803552991
0.04582665715301218
0.045382240864663255
0.044919205912956284
0.04443753070169966
0.04393718923338078
0.04341817746032289
0.04288050143610586
0.04232418244243953
0.041749255858164434
0.041155782325029276
0.0405438194999239
0.03991346019372663
0.03926479624012666
0.03859794981662278
0.03791305615740359
0.037210269786182096
0.03648975991695339
0.03575172124173134
0.034996365062147504
0.03422392238170331
0.03343464755112183
0.032628810977811
0.031806704687831734
0.030968651437698693
0.030114985148741242
0.029246070574731824
0.028362285393026026
0.027464048240094064
0.02655177440407973
0.025625932906857565
0.024686988924025467
0.023735455004334462
0.022771851229796365
0.021796737841896043
0.02081067603744558
0.019814276659454677
0.018808164692208574
0.017792982699781332
0.016769407813573653
0.015738138044300395
0.014699889109801223
0.013655417420734135
0.012605483066372828
0.011550884090674588
0.0104924264532171
0.009430952853809665
0.008367321402601288
0.007302412756417326
0.00623712322065055
0.005172380188491573
0.004109114396705131
0.00304828805275718
0.001990875879879273
0.0009378683255545651
-0.0001097287440703507
-0.0011508943972721659
-0.0021845943645037056
-0.0032097780769842653
-0.004225400846180651
-0.005230377622216845
-0.006223648423211189
-0.007204127116486316
-0.008170726776525056
-0.009122359415135523
-0.010057930471441342
-0.010976346327324273
-0.011876516579903927
-0.012757351203933226
-0.013617764692206035
-0.014456680246148912
-0.015273026330121741
-0.01606574392869338
-0.016833783081494462
-0.017576109730920355
-0.01829170506367345
-0.0189795704426089
-0.019638715102912818
-0.020268188606076473
-0.020867047109658376
-0.021434384180590106
-0.021969306855247842
-0.02247097223592885
-0.02293855000638326
-0.023371248221244718
-0.023768321003683052
-0.02412904382295555
-0.02445273666444932
-0.02473876787659583
-0.024986536488688416
-0.02519550326211412
-0.025365151520306467
-0.02549503796573604
-0.025584754789145972
-0.025633949668658267
-0.02564232410492157
-0.025609632548299822
-0.02553568758358055
-0.025420366132659033
-0.025263594534205215
-0.025065368926654157
-0.02482573555136155
-0.02454483621061401
-0.024222828552164746
-0.023859981348613977
-0.0234566080716476
-0.02301309921971288
-0.022529913653897542
-0.02200757698920948
-0.021446692266511407
-0.02084793481283393
-0.020212049634335486
-0.019539862278478856
-0.01883225898998972
-0.018090218928467395
-0.0173147918046255
-0.01650709706080505
-0.015668330050489124
-0.014799773745094605
-0.013902774175448199
-0.0129787640599144
-0.012029247870943328
-0.011055805205754844
-0.010060093038250902
-0.009043838895279398
-0.008008848875768686
-0.006956998522240052
-0.005890240148257786
-0.004810594592809688
-0.003720139532667528
-0.0026210413845488482
-0.0015155156208133355
-0.0004058439480015798
0.0007056284279579344
0.0018164943731763387
0.0029243064928476813
0.004026554465885201
0.005120685155321115
0.006204099696262723
0.007274162087994868
0.008328201161978918
0.009363517712708078
0.010377385325686507
0.011367070475542161
0.012329818790517259
0.013262873310955136
0.014163488139977844
0.015028922366394089
0.015856462315287
0.01664341470654748
0.017387127432431926
0.018085008952936583
0.01873451655188693
0.019333183472919086
0.019878620667553526
0.020368543430509978
0.020800764992056388
0.021173227826440544
0.02148400307337395
0.02173131251812456
0.02191354337792359
0.022029254423390612
0.022077192749082934
0.0220563315158437
0.02196584150579885
0.021805137172977735
0.021573883067017234
0.02127200471942528
0.020899701991039566
0.02045746721130025
0.019946084859713126
0.019366658361146993
0.018720599136290147
0.01800965095608685
0.017235889553318548
0.01640172687161851
0.01550991301887577
0.014563536800113255
0.01356602554569157
0.012521134509314382
0.01143294427900121
0.01030586073291537
0.009144579567863074
0.007954083651371022
0.006739626674090879
0.0055067133791891045
0.004261064627461491
0.0030085979092174956
0.0017554005896865366
0.0005076910547439291
-0.0007282074143559417
-0.001945924734343025
-0.0031390407880370315
-0.004301168858123586
-0.0054259647882069426
-0.006507194066421198
-0.007538752410888236
-0.008514722491271744
-0.009429417730872032
-0.010277404302193732
-0.011053570079003643
-0.011753141193530206
-0.012371742988319277
-0.012905412532044606
-0.013350651120990794
-0.013704449518428502
-0.013964315453355169
-0.014128303054741286
-0.01419504232178307
-0.014163742358258364
-0.014034218992073775
-0.01380693102499085
-0.013482929981801443
-0.013063935383143512
-0.012552291639957316
-0.011950983341312059
-0.011263631482725134
-0.01049448026754745
-0.009648386267771853
-0.008730804751466342
-0.007747765482324645
-0.006705853008994221
-0.005612176786465852
-0.004474338975181885
-0.0033003973886717142
-0.0020988294385116775
-0.0008784809184404969
0.0003514781080017925
0.0015816082405604958
0.002802261965743018
0.00400364424516856
0.005175882027671692
0.006309097765775849
0.0073934789046311246
0.008419377784372527
0.009377382327295247
0.010258414187061218
0.011053822011357229
0.01175548503129906
0.012355892997687041
0.012848282872922496
0.013226708540814078
0.013486157467122378
0.0136226463113805
0.013633316005954474
0.013516521616980519
0.013271901205718358
0.012900460424368891
0.012404622818166839
0.011788264412403897
0.011056748987622482
0.01021691800473051
0.009277084967005265
0.008246989556808339
0.0071377300449052316
0.005961667595561625
0.004732319012188952
0.0034642071528501878
0.002172693925579478
0.000873796231857571
-0.0004160327637197382
-0.0016801177105208258
-0.002901808616569295
-0.004064727540417556
-0.0051530119941506185
-0.006151582790023672
-0.00704637680145153
-0.007824582178526366
-0.008474869769350326
-0.008987591105178489
-0.009354959948542777
-0.009571203414842543
-0.009632691521063889
-0.009538035280975401
-0.009288151145033403
-0.00888628693367965
-0.008338029785131169
-0.0076512646119673185
-0.006836110285724309
-0.005904815542058766
-0.004871629922487265
-0.0037526373136831394
-0.002565565465945692
-0.001329557634270785
-0.00006491851401796376
0.0012071597861683116
0.002464916154346056
0.003686341994467393
0.004849547957243639
0.005933126521499312
0.006916557223005401
0.007780607017099479
0.008507738299596097
0.009082518178462127
0.009492033620694887
0.009726257551109492
0.009778408726936897
0.009645257377433025
0.009327378752716324
0.008829328987406142
0.008159743672338578
0.007331340648261748
0.006360801289314614
0.005268556131513164
0.004078435315549249
0.0028172143544034824
0.0015140324772103374
0.00019972564847678837
-0.0010939346170909423
-0.0023350610659566493
-0.003492508669933989
-0.004536747741706785
-0.005440707152784034
-0.006180583407842163
-0.0067365634165335074
-0.007093455234970292
-0.007241197528239241
-0.007175239822737941
-0.006896768079611502
-0.006412786652605984
-0.0057360445991311605
-0.0048848059521797455
-0.003882475890215457
-0.0027570822373736443
-0.0015406271574439163
-0.000268304267949727
0.0010223826679718391
0.0022926115896855976
0.0035033208091200365
0.004616347087138653
0.005595617411335713
0.006408354158652233
0.007026267072910143
0.00742669408265445
0.007593638099013433
0.007518657688418791
0.007201553852422697
0.0066507932906689285
0.005883628247845284
0.00492585884181012
0.003811223382275484
0.002580395701722715
0.00127960539291621
-0.00004105845615702746
-0.001329641340632527
-0.002534468250009741
-0.0036063835325566927
-0.0045009551917949515
-0.005180520482201113
-0.005615977553116892
-0.005788244003343265
-0.005689274116213567
-0.005322621247847077
-0.004703517890192106
-0.0038584438396489715
-0.00282421934535876
-0.0016466544383099916
-0.0003787765948517913
0.0009212943571318774
0.002192790438316456
0.00337494386027401
0.0044097993332499405
0.005245089098038917
0.005837017054253752
0.006152844745261075
0.006173132181971659
0.005893420379416717
0.005325244214300231
0.004496287952981161
0.003449584453635768
0.0022417059833206073
0.0009399674227185159
-0.00038124579048056506
-0.0016448115857258905
-0.0027756044501057657
-0.003705284424282556
-0.004376793616838281
-0.004748230742089045
-0.00479582889109306
-0.00451581358409461
-0.003925024843492532
-0.0030602629808191297
-0.0019763898422435113
-0.0007432788459125932
0.0005582409130255893
0.0018412531567064952
0.003018228369308174
0.004006826352990074
0.004735719614591344
0.005150077308581592
0.005216296270922461
0.004925545562672776
0.004295687245344619
0.003371209218096696
0.0022209445311442005
0.0009335258567539869
-0.0003891928582389978
-0.0016402841497615618
-0.002716753695885968
-0.0035285552863233566
-0.00400673303115665
-0.004109871809503854
-0.003828249210464267
-0.0031852889696638155
-0.0022361889578284507
-0.0010638101321017773
0.00022783903280384796
0.0015221487617798598
0.0026998515914674866
0.0036497162616497755
0.004279168914879345
0.004523933578172761
0.0043556732954373725
0.003786631867679995
0.002870390867740886
0.0016981871390573397
0.00039072326805364253
-0.0009139568443690559
-0.002075303716638646
-0.0029660871987807476
-0.0034872215253853515
-0.0035797061947405086
-0.0032321594036482985
-0.0024830383712120658
-0.00141725974925344
-0.00015756402585908526
0.0011485758971635353
0.0023452758447736147
0.0032863036297744288
0.0038530614914506077
0.003970477882282729
0.00361864281579563
0.002838139230165538
0.0017275575758851803
0.0004326373539744343
-0.0008721797531477069
-0.0020075177695162362
-0.002814683532222857
-0.0031791438074449626
-0.003048062630976365
-0.0024391813510459518
-0.0014396260935570422
-0.00019478777483563362
0.0011113486676824576
0.0022820567195329894
0.0031367629815794154
0.0035392331595144114
0.0034209163440424013
0.0027952597721422256
0.0017595004770848035
0.0004821160599212499
-0.0008232988769795671
-0.001933937933868061
-0.0026571060197423985
-0.00286542472512755
-0.0025210375352464408
-0.001684135173557933
-0.0005041679621861397
0.0008048898037625357
0.0020014169584460046
0.002859526914978148
0.0032119980496621166
0.0029850530565387785
0.0022174256950117663
0.0010579314517479834
-0.0002604536206824369
-0.001466534960477558
-0.002307782786323481
-0.0026054080638007746
-0.0022947501208287423
-0.001441547428939107
-0.00023032853259537798
0.001072918201732538
0.002176723554269505
0.0028281547027486586
0.0028720256913789587
0.0022916984304323573
0.0012197282296626856
-0.00008790551033006012
-0.001311030372328655
-0.0021446955269478797
-0.002377941824469042
-0.0019502806589281802
-0.000970268661536415
0.00030899583716089183
0.0015518913160918399
0.0024256856276976416
0.0026895046967733757
0.0022642853434915117
0.001262621101735552
-0.000034826151445171414
-0.0012549490714557742
-0.002040454109358398
-0.0021579264765295126
-0.0015710805611693164
-0.0004556390742459763
0.0008492957818940884
0.0019402655473720787
0.002472038429208344
0.0022690636339999064
0.0013901199978082522
0.00011960702668925266
-0.0011195771429372329
-0.0019072086570695943
-0.001972285306842639
-0.0012910871215864891
-0.00010042162493703443
0.0011796853135029174
0.0020894786442825697
0.0022934285649850207
0.0017090063464094253
0.0005494276759936854
-0.0007457957066780835
-0.0016753922133333967
-0.0018741535248002672
-0.0012622557499773564
-0.00008300227167009066
0.0011878706040056107
0.0020284872288627133
0.0020841221858656322
0.0013237919039082032
0.00006821348890922024
-0.0011371381648674515
-0.00175912094506953
-0.0015187353047293184
-0.000523291532837
0.0007744899169561789
0.0017750944679189742
0.0020055969654915913
0.001348859161763441
0.000116106512806662
-0.0010896847020387267
-0.001668035019583362
-0.0013269245512433504
-0.0002385709957406533
0.0010390878163813932
0.0018402250271795833
0.0017362832441391155
0.0007753233067840676
-0.000523791061998754
-0.0014435614314519383
-0.0014684709669841316
-0.0005834884763836601
0.0007071259049209211
0.0016571240111626436
0.0017048719541462773
0.0008142013714322792
-0.0004813596214921627
-0.0013876116243526754
-0.0013408820857676396
-0.00036965727435446505
0.0009113245681758273
0.001678906858594295
0.001427460556773268
0.0003157710115491355
-0.0009131076771769977
-0.0014225275430504252
-0.0008611725550661492