0.944291659119722
0.9445603179110087
0.9448298132828579
0.9451001949783194
0.9453714185456564
0.9456435138740236
0.9459164595562133
0.9461902900078327
0.9464649789760117
0.9467405531386891
0.9470169724276642
0.9472942736681005
0.947572458586916
0.947851514057877
0.9481314526857088
0.9484122777560063
0.948693964832364
0.9489765479606167
0.9492600220935559
0.9495443658927275
0.9498296101871141
0.950115735301905
0.9504027622660961
0.9506906852847403
0.9509794990151097
0.9512691937884639
0.9515598003799146
0.9518512996339155
0.9521437101411538
0.9524370131749091
0.952731231521496
0.9530263292545745
0.9533223694826488
0.9536192958805598
0.9539171326469045
0.954215893543355
0.9545155453347687
0.9548161319534298
0.955117621492253
0.9554200216794215
0.9557233465576885
0.9560275919837224
0.9563327586268814
0.9566388384092053
0.9569458413420079
0.957253775108635
0.9575626265497117
0.9578724113048659
0.9581831275554639
0.9584947653681857
0.9588073226948083
0.9591208110674949
0.9594352387010153
0.9597505874561569
0.9600668846574768
0.9603841135061651
0.9607022811735202
0.961021366057197
0.9613413941095539
0.9616623723660523
0.9619842796063269
0.962307115147678
0.9626309174980328
0.9629556405132178
0.9632813109804593
0.9636079152264639
0.9639354803115624
0.9642639774294953
0.9645934085652428
0.9649237943066288
0.9652551207607369
0.9655873902084052
0.9659206175132063
0.9662547746213493
0.9665898911848173
0.9669259446287771
0.9672629509579838
0.967600902625514
0.9679398015179884
0.968279647085574
0.9686204366181742
0.96896217304337
0.9693048667749866
0.9696485102641068
0.9699930868815434
0.9703386242122785
0.9706850967471439
0.9710325200336458
0.9713808927600854
0.9717302186065467
0.9720804776762929
0.9724316929718355
0.9727838436515455
0.9731369513574257
0.9734909997155818
0.9738459914687395
0.9742019195639336
0.9745588013165821
0.9749166214153075
0.975275375523613
0.9756350821209051
0.9759957214613697
0.9763573015414571
0.976719815167996
0.9770832754465834
0.9774476678506244
0.9778129875376393
0.9781792437364
0.9785464340236218
0.9789145560218451
0.9792836053108147
0.9796535845621455
0.9800244820964726
0.980396316359259
0.9807690678850122
0.9811427439475999
0.9815173295260354
0.981892837861572
0.9822692732963147
0.9826466102838888
0.9830248624652478
0.9834040325331238
0.983784082716983
0.9841650652613405
0.9845469456577883
0.9849297301783396
0.9853133956994029
0.9856979654747309
0.9860834282645848
0.9864697821816987
0.9868570140989676
0.9872451434831035
0.9876341473299048
0.9880240268995064
0.9884147832425528
0.9888064146100697
0.989198911843809
0.9895922726330861
0.9899864951342828
0.9903815730313956
0.9907774979303551
0.9911742938180697
0.9915719214546707
0.9919703942107387
0.9923696999029865
0.9927698447275471
0.9931708146479828
0.9935726122177874
0.993975229692773
0.994378662947173
0.9947829032798827
0.9951879570901456
0.9955938029225174
0.9960004563699157
0.9964078899302141
0.9968161149137391
0.9972251176073057
0.9976348982467744
0.9980454449957336
0.9984567548456105
0.9988688252853639
0.9992816413781125
0.9996952063363714
1.000109509032956
1.00052454331318
1.0009403034951843
1.0013567888648025
1.0017739763742275
1.0021918721632965
1.0026104706416952
1.0030297485954476
1.0034497276119023
1.0038703745406876
1.0042916855330697
1.0047136581588654
1.0051362886785231
1.005559557752074
1.0059834676045787
1.0064080025959026
1.0068331551091048
1.0072589245468762
1.0076852960367904
1.0081122560473348
1.0085398019694403
1.0089679180938762
1.0093965990050173
1.0098258336671748
1.0102556194635197
1.0106859253851426
1.0111167651320208
1.0115481216365498
1.0119799811412675
1.0124123294666425
1.0128451674233112
1.0132784590509694
1.0137122223567696
1.0141464363156218
1.0145810867884253
1.0150161471386177
1.015451627447228
1.0158874999482859
1.016323769877703
1.0167604023028143
1.0171974094523288
1.0176347464649933
1.0180724326518862
1.018510431817212
1.0189487373018187
1.0193873376929172
1.0198262132697853
1.02026535860159
1.0207047496014559
1.021144372875818
1.0215842203436238
1.0220242681903444
1.0224645005299857
1.0229049047611352
1.0233454675220441
1.023786166635912
1.0242269897324614
1.0246679249867443
1.0251089395535153
1.0255500225926473
1.0259911524575192
1.0264323289694772
1.0268735153945898
1.02731470718531
1.0277558695826032
1.0281969966187465
1.0286380613049362
1.0290790424621672
1.0295199369603965
1.0299607007052172
1.0304013307851159
1.0308417966393633
1.0312820808491636
1.0317221646924746
1.0321620163596261
1.0326016219478527
1.0330409614079
1.0334800031659483
1.0339187341064702
1.0343571206893674
1.034795144665244
1.035232784736511
1.035670012710464
1.0361068042628239
1.036543133088663
1.0369789783315861
1.0374143075307771
1.037849101470253
1.038283327797534
1.0387169627477333
1.0391499788410392
1.0395823494061054
1.0400140412622438
1.0404450360953161
1.0408752946683864
1.041304795015799
1.0417335041490232
1.0421613888388555
1.0425884329079846
1.0430145878616484
1.0434398355527799
1.0438641323571982
1.044287466741041
1.0447097885851182
1.045131067994285
1.0455512747545668
1.0459703696390297
1.046388325684448
1.0468051103191582
1.0472206818794088
1.0476350097847276
1.0480480596969932
1.0484597832599931
1.0488701576415993
1.0492791428863946
1.0496866957005857
1.050092781768761
1.05049736628971
1.0509004048650599
1.0513018585308758
1.051701695269839
1.0520998635389776
1.0524963367586697
1.0528910524419774
1.0532839771921543
1.053675079379011
1.0540643127770837
1.0544516206641645
1.0548369737069574
1.0552203315904545
1.0556016235390608
1.0559808328846199
1.0563578934702504
1.0567327702364835
1.0571054106662783
1.05747577945455
1.0578438116327475
1.0582094622868357
1.0585726943879086
1.058933443841098
1.0592916797250667
1.0596473260643113
1.060000346749343
1.0603506771631173
1.0606982990951166
1.0610431119045227
1.0613850895297041
1.0617241786559786
1.0620603231231294
1.0623934528475774
1.062723533957413
1.0630504946266863
1.063374275119342
1.0636948348925501
1.064012104332555
1.0643260156745715
1.0646365423783375
1.064943592266674
1.0652471194375264
1.065547044930301
1.0658433401680762
1.0661359047820467
1.066424710618615
1.0667096622099062
1.0669907276582826
1.067267808702939
1.0675408743414798
1.0678098274092498
1.0680746201892088
1.0683351868264133
1.0685914492636013
1.068843344286114
1.0690908057465853
1.069333761148517
1.0695721385398382
1.069805869715341
1.0700348827118222
1.0702591109993762
1.0704784790198694
1.0706928973533494
1.0709023139099445
1.0711066473215105
1.0713058288774282
1.0714997722158224
1.0716884114543443
1.0718716644306894
1.072049459117149
1.0722217048447231
1.0723883366444478
1.0725492740589129
1.072704434578369
1.0728537400017222
1.0729971120540835
1.0731344661594528
1.0732657208456904
1.073390801856511
1.0735096187791802
1.0736220924793414
1.0737281412556894
1.0738276747812576
1.0739206202263458
1.074006878474537
1.0740863748013139
1.0741590237049314
1.0742247361669137
1.0742834273838835
1.0743350117681936
1.0743793978213703
1.074416504789826
1.074446240418455
1.0744685256627091
1.0744832519692273
1.0744903524848726
1.0744897288372666
1.074481290842099
1.0744649564580684
1.0744406280129777
1.0744082252008467
1.0743676428986895
1.0743188056922066
1.074261626502493
1.0741960012892233
1.0741218455791504
1.0740390710001118
1.0739475890817913
1.0738473100970782
1.0737381337824974
1.0736199871964425
1.0734927685458049
1.0733563964255823
1.073210763302915
1.0730557993521057
1.0728914106404388
1.0727175060047185
1.0725340026246513
1.0723408001917518
1.0721378313924408
1.0719249884005313
1.07170219583766
1.0714693673431317
1.071226418907014
1.070973262487924
1.0707098141552078
1.0704359934487275
1.0701517182488476
1.069856900083211
1.0695514666380916
1.069235333688868
1.068908433648901
1.0685706707904274
1.0682219869948861
1.0678622967858729
1.067491528421064
1.0671096091824483
1.0667164735040786
1.066312050439736
1.0658962661049995
1.0654690584775532
1.0650303638578034
1.06458012034634
1.064118271654811
1.0636447544189265
1.0631595128440179
1.0626624926080857
1.0621536424555071
1.061632913875845
1.0611002597267156
1.0605556370175726
1.0599990010766291
1.0594303144369626
1.0588495423214388
1.058256650860672
1.0576516100427595
1.0570343954503632
1.0564049767423636
1.0557633436220952
1.055109476132827
1.054443359564232
1.0537649887507572
1.0530743561177094
1.0523714614111197
1.0516563099134257
1.050928913962888
1.0501892708334823
1.0494374107799942
1.0486733621003606
1.0478971312338194
1.04710876850404
1.0463082979078573
1.0454957805535436
1.0446712492145551
1.0438347593613513
1.042986377383024
1.0421261567970335
1.0412541916261357
1.040370540921181
1.0394752981092128
1.0385685564668379
1.0376504069354835
1.03672096622817
1.0357803455282133
1.0348286612988729
1.0338660483587006
1.0328926345596174
1.0319085716551673
1.0309140105352204
1.02990911237041
1.0288940457795417
1.0278689952732354
1.0268341427339047
1.025789687453373
1.0247358356895797
1.023672803081387
1.0226008147339956
1.0215201093811972
1.0204309288027817
1.0193335393193168
1.0182281934144934
1.0171151833196326
1.0159947916909249
1.0148673154393304
1.0137330708864853
1.0125923777435475
1.0114455709672228
1.0102930001820203
1.0091350215648243
1.007972004220814
1.0068043343600306
1.005632406401047
1.0044566270511197
1.003277420615348
1.0020952234696523
1.0009104691780402
0.9997236342808172
0.9985351838130494
0.9973456027224812
0.9961553981133601
0.9949650797188764
0.9937751698443604
0.992586215429614
0.9913987695361419
0.9902134006242941
0.989030688169644
0.9878512279387299
0.9866756260032166
0.985504508041122
0.9843385075349153
0.9831782719988263
0.9820244705966673
0.9808777564836046
0.9797388376850796
0.978608406561916
0.9774871752183499
0.9763758667473043
0.9752752176304252
0.974185976729792
0.9731089001069972
0.9720447532789255
0.9709943201559927
0.9699583830845536
0.9689377516587926
0.9679332196360202
0.9669456103199863
0.9659757375516843
0.9650244384439858
0.9640925441915199
0.963180898089978
0.9622903439465432
0.9614217284534161
0.9605759106870818
0.9597537352257807
0.9589560660067976
0.958183754540325
0.9574376567531669
0.9567186244038004
0.9560275071192679
0.95536514986297
0.9547323942043717
0.9541300721534531
0.9535590075009016
0.9530200142781753
0.9525138998683164
0.9520414607732791
0.9516034608283896
0.9512006762878652
0.9508338513698416
0.9505037131541417
0.9502109715928602
0.9499563081311531
0.9497403949635703
0.9495638599908852
0.9494273232681631
0.9493313652846421
0.9492765406732832
0.9492633725110765
0.949292344845389
0.9493639156240989
0.9494784936506402
0.9496364589688311
0.949838151082148
0.9500838563348494
0.9503738301573685
0.9507082783300019
0.9510873436158817
0.9515111481122959
0.951979741736239
0.9524931295495449
0.9530512554003286
0.9536540221341689
0.9543012577042572
0.9549927512462313
0.9557282180204298
0.9565073120907662
0.9573296332749636
0.958194720509689
0.9591020365938024
0.960050985807842
0.9610409091858761
0.9620710738052057
0.9631406875028433
0.9642488823219165
0.9653947306998434
0.9665772272137159
0.9677953038243907
0.9690478168325658
0.970333559542823
0.9716512560910652
0.9729995557927157
0.9743770436641735
0.9757822391946019
0.9772135941198468
0.9786694787152416
0.9801482219908411
0.981648066077957
0.9831672048460087
0.984703766425137
0.986255810817888
0.9878213476843521
0.989398321094329
0.9909846267960218
0.9925781050909364
0.9941765419234767
0.9957776779512825
0.9973792055210122
0.9989787705976633
1.0005739811625078
1.002162409585063
1.0037415877516005
1.005309020542279
1.0068621776577662
1.0083985193342082
1.0099154628716922
1.011410428087275
1.012880809419434
1.0143240060782621
1.0157373979262028
1.0171183741166678
1.0184643293943345
1.0197726619116738
1.0210407975747136
1.0222661708023684
1.0234462476333364
1.0245785258158888
1.0256605420885332
1.0266898710223837
1.0276641434223128
1.0285810410785532
1.029438312075232
1.0302337735385991
1.030965311873769
1.0316309055015749
1.032228616639666
1.032756608650139
1.0332131449265836
1.033596603063187
1.0339054792159255
1.03413839968336
1.0342941215239243
1.034371545527787
1.0343697278220088
1.0342878765085384
1.0341253660441965
1.0338817491145271
1.0335567633370941
1.0331503332318883
1.0326625753520586
1.0320938232079053
1.0314446103658743
1.0307157024234377
1.0299080860808016
1.0290229822267631
1.0280618519195845
1.0270264039194337
1.0259185978657155
1.024740644200912
1.023495024214604
1.022184472150593
1.0208119972997902
1.0193808741477397
1.017894648460934
1.0163571296575984
1.0147724062639047
1.0131448197594992
1.0114789892635245
1.009779776505206
1.0080523020220984
1.0063019247913445
1.0045342368974453
1.0027550511937742
1.0009703849154912
0.999186454106148
0.9974096360388375
0.9956464670620168
0.9939036132282193
0.9921878495530634
0.9905060301064653
0.9888650617925778
0.9872718689100505
0.9857333675383855
0.9842564283428541
0.9828478335145207
0.9815142480677586
0.9802621734707843
0.979097907540154
0.9780275020989877
0.9770567212118368
0.9761909967707382
0.9754353818389472
0.9747945118558715
0.9742725565743015
0.9738731838873406
0.9735995167429299
0.9734540841170851
0.97343881056592
0.9735549568801701
0.9738031016766113
0.9741831171724895
0.9746941391254776
0.9753345584740942
0.9761019991547395
0.9769933119053107
0.978004585347422
0.9791311177820384
0.9803674619615791
0.9817074114684913
0.9831440330531007
0.9846696910757072
0.9862760744180981
0.9879542331799341
0.9896946315469216
0.9914871753026356
0.9933212831123246
0.9951859317462725
0.9970697203196285
0.9989609372763064
1.000847624892978
1.0027176600988466
1.0045588205292706
1.0063588676894388
1.0081056289495338
1.0097870756629812
1.0113914132679425
1.0129071632596318
1.0143232462214022
1.0156290777741872
1.0168146436269114
1.017870600609326
1.0187883442327126
1.0195601094566193
1.0201790435144376
1.020639285106561
1.0209360467735282
1.021065682868262
1.0210257586666447
1.0208151184424086
1.020433931536972
1.019883756056766
1.019167567083041
1.0182898036836057
1.0172563817944829
1.0160747085097726
1.014753683395659
1.0133036821078616
1.0117365264166265
1.010065442416719
1.0083049943196845
1.0064710016282483
1.0045804447931055
1.0026513419837997
1.0007026022520118
0.9987538726688044
0.9968253446137118
0.994937565916115
0.9931112024688089
0.9913668101827916
0.9897245769592009
0.9882040535331976
0.9868238848494397
0.9856015214504601
0.9845529395186688
0.9836923765863741
0.9830320558506656
0.9825819378298224
0.9823495000509233
0.982339535884027
0.9825539900912362
0.9829918310691558
0.9836489708327186
0.9845182231131383
0.9855893217632912
0.9868489780851699
0.9882809977267576
0.98986644162733
0.991583843780921
0.9934094661918025
0.9953176049927196
0.9972809267714233
0.9992708505102194
1.0012579424731063
1.0032123492780451
1.0051042395823877
1.0069042572630027
1.0085839874455562
1.0101164100594464
1.0114763584845756
1.0126409592553813
1.0135900552610484
1.014306606763854
1.0147770556245839
1.0149916633276361
1.0149447949810235
1.0146351618420757
1.014066001744061
1.013245201346708
1.0121853380999173
1.0109036550510704
1.009421940532574
1.0077663256300242
1.0059669756706746
1.004057681602073
1.0020753581639184
1.000059421718368
0.9980510786505885
0.9960925204382383
0.9942260269843901
0.992493012758681
0.9909330220332944
0.9895827016685015
0.9884747795951371
0.9876370897209243
0.9870916662010366
0.9868539471921336
0.9869321262004453
0.9873266751713606
0.9880300696493062
0.9890267348499909
0.9902932221864973
0.9917986254485532
0.9935052136337313
0.9953693018927248
0.9973422917327281
0.9993718935778796
1.0014034762350126
1.0033815221816982
1.0052511316005508
1.00695955962936
1.0084577285179446
1.009701698674063
1.0106540278590601
1.011285027614542
1.0115738451979335
1.0115093453274728
1.0110907894842753
1.0103282214756797
1.0092425882271105
1.0078655354479784
1.0062388596573115
1.0044136021133936
1.0024487832846471
1.0004097614630132
0.9983662580331356
0.996390069852669
0.9945525345900292
0.9929218277086264
0.9915601940648389
0.9905212376896401
0.9898473989066862
0.9895677702778166
0.9896963685316188
0.9902310075206747
0.9911528435251152
0.9924266621688446
0.9940019207268103
0.9958145287570441
0.9977892865221784
0.9998428944855562
1.0018873920196782
1.0038338971035532
1.0055964672376974
1.007095937213496
1.0082635781815437
1.009044424512441
1.0094001199332354
1.0093111746540213
1.0087784932556376
1.0078240728574286
1.0064907863581487
1.004841174206173
1.0029552011311182
1.0009270083043493
0.998860669196495
0.996865119263631
0.9950484246010851
0.9935116906385921
0.9923429375644167
0.9916113727606924
0.9913624741247963
0.991614313123592
0.9923554512976925
0.9935446920212841
0.9951127623735745
0.9969659092868552
0.9989912090423609
1.0010632604253311
1.0030518579211225
1.0048301518716056
1.0062828074143664
1.0073136664372304
1.0078524526493382
1.0078600959088917
1.0073323146972353
1.0063011330136051
1.0048341126935878
1.0030311376889507
1.0010187473889094
0.9989421518901546
0.9969552653989022
0.9952093333732288
0.9938409394886945
0.9929603806375749
0.9926415087487022
0.992914134354076
0.9937599118179063
0.9951123352860906
0.9968610507280649
0.9988602429825014
1.000940427535158
1.0029226322971705
1.00463376552835
1.005921858130815
1.0066699241356385
1.0068072577292138
1.0063171806711815
1.0052404146968803
1.0036735157450225
1.0017621063937658
0.9996890153588974
0.9976579444062017
0.9958738056154987
0.9945215061950105
0.9937453980225099
0.9936319148295601
0.9941978005500157
0.9953858078777347
0.9970688718672281
0.9990626131999185
1.001144908694997
1.0030803572921232
1.0046468687231516
1.0056614307370744
1.0060022156769135
1.005624524753768
1.004568607200377
1.0029579967204407
1.0009878223753315
0.9989035491102385
0.9969717981800593
0.9954462513468786
0.994532878025384
0.9943595341657206
0.994954977224519
0.9962413155277141
0.9980419070066133
1.0001041794666734
1.0021343228955713
1.0038389167142134
1.004967552495536
1.0053504455739568
1.0049257067625321
1.0037520710973382
1.0020044839329738
0.9999518319377815
0.9979185181908782
0.9962343246019552
0.9951797651708929
0.9949362046947337
0.9955504740617868
0.9969219009055974
0.9988156917855493
1.0009012883712853
1.0028092483871527
1.0041966026280158
1.0048091837259017
1.0045300405479536
1.0034051241546669
1.001640603248896
0.9995702155465837
0.9975959909322765
0.9961112324595334
0.9954198446845318
0.9956692459459924
0.996813280510722
0.998615866689758
1.0006967147772847
1.002610188034311
1.0039405284704568
1.004393108031956
1.0038623150895645
1.0024610017501037
1.000503093310748
0.9984395385780833
0.9967578406320406
0.9958656759649093
0.9959866154212973
0.9970968068557688
0.9989229531341598
1.001005585258267
1.0028129679048279
1.003876788867829
1.003915186591214
1.0029117709368982
1.0011289180905556
0.9990476967734536
0.9972441285806606
0.9962300815427416
0.9963021226910556
0.9974456951390184
0.9993292849334574