0.9736985912973288
0.9739592632096783
0.9742206292578259
0.9744827091299285
0.9747454868126961
0.9750089752659867
0.9752731564549909
0.9755380465800908
0.9758036391608648
0.9760699357383539
0.9763369335439301
0.9766046271495246
0.9768730354566095
0.9771421478300308
0.9774119391418811
0.9776824472920939
0.9779536510922234
0.9782255476927495
0.9784981579597714
0.9787714508613251
0.9790454480704958
0.9793201416440471
0.9795955377273676
0.9798716090790108
0.9801483893833414
0.9804258638208991
0.9807040247327599
0.9809828755764081
0.9812624175875692
0.9815426540632215
0.9818235792768553
0.982105198014542
0.9823874804547441
0.9826704567286192
0.9829541237559363
0.9832384623902857
0.9835234870624326
0.9838091977234903
0.9840955715277414
0.984382633723284
0.9846703563804233
0.9849587633569877
0.9852478388926332
0.985537583964645
0.9858279857155081
0.9861190751828526
0.9864108152030511
0.9867032146310998
0.9869962804568878
0.9872899987629811
0.9875843749959778
0.9878794048813623
0.9881750899213365
0.9884714217506052
0.9887683918162326
0.9890660067902579
0.9893642756206008
0.9896631672042187
0.9899627082981234
0.9902628737135485
0.9905636725796148
0.9908651017487312
0.9911671535816651
0.9914698290607661
0.991773122377637
0.9920770327259915
0.9923815570833421
0.9926866849712577
0.9929924231385903
0.9932987639457695
0.9936056990435231
0.9939132386498766
0.9942213632754399
0.9945300855063883
0.9948393786706564
0.9951492469821885
0.9954597093659728
0.9957707442860163
0.9960823374432218
0.9963944978303564
0.9967072216526036
0.9970204980126998
0.9973343212714937
0.9976486933079968
0.9979636046633841
0.9982790622537429
0.9985950461108699
0.9989115527155494
0.9992285909130985
0.9995461395466432
0.9998642031826845
1.0001827758526831
1.0005018344993288
1.0008214182137494
1.00114145817408
1.0014619963199751
1.0017830139364914
1.0021045018244916
1.0024264571585861
1.0027488715359305
1.0030717414699566
1.0033950582001254
1.0037188136566635
1.0040430076151052
1.0043676249433053
1.0046926648844474
1.0050181206980269
1.0053439818856462
1.0056702414881207
1.0059968938182464
1.0063239283699394
1.006651340321259
1.0069791257651595
1.007307271288355
1.0076357689188638
1.0079646133934894
1.0082937950499522
1.008623302567282
1.008953136533408
1.0092832789422366
1.0096137305824726
1.0099444654494183
1.010275493534112
1.0106067931932265
1.0109383587542546
1.0112701850178005
1.0116022567366538
1.0119345678280556
1.0122671047195724
1.0125998619638337
1.0129328256212402
1.0132659830484805
1.0135993360138458
1.0139328511495884
1.014266540739447
1.0146003796413556
1.0149343622873923
1.015268480308682
1.0156027110427732
1.01593705643373
1.0162714928803198
1.016606017344218
1.0169406059190231
1.0172752655833424
1.017609957777217
1.0179446951686195
1.0182794494966771
1.0186142126438016
1.0189489699463523
1.0192837146538583
1.0196184091438967
1.019953070893101
1.0202876673913968
1.020622188351943
1.0209566186668448
1.0212909478227745
1.0216251563640135
1.021959229493637
1.022293151193746
1.0226269155312977
1.0229604822757048
1.0232938670647416
1.0236270363668212
1.023959963506718
1.024292656336759
1.0246250892960762
1.024957227581666
1.0252890756777628
1.0256206034016413
1.0259518111700041
1.026282651827865
1.0266131373835878
1.0269432235925289
1.0272729040574131
1.0276021582699877
1.0279309784632464
1.0282593266703268
1.0285871842624792
1.028914545427653
1.0292413837749397
1.0295676667352662
1.0298933964763761
1.0302185360243723
1.0305430676626048
1.0308669686944685
1.0311902131603012
1.0315127832773847
1.03183466535131
1.0321558194514215
1.0324762459758243
1.03279589953534
1.0331147648046517
1.0334328178105976
1.0337500383982006
1.0340663959899357
1.034381863908847
1.0346964278821575
1.0350100508879223
1.0353227258830595
1.0356344089287688
1.0359450732824491
1.0362547050187656
1.0365632634216635
1.0368707290865276
1.0371770765576669
1.0374822733764841
1.0377862996663778
1.0380891215820263
1.0383907024658647
1.038691026603131
1.0389900569503383
1.0392877647410572
1.0395841234570606
1.039879098784659
1.0401726643008162
1.0404647844960169
1.0407554294461823
1.0410445672834414
1.0413321681927017
1.0416181940455946
1.041902622239878
1.0421854114081954
1.0424665291229243
1.0427459450245165
1.0430236198825584
1.0432995235954856
1.043573620522356
1.0438458746542607
1.0441162508518402
1.0443847104914257
1.0446512188850288
1.0449157412402696
1.0451782389433975
1.0454386728021476
1.0456970117831803
1.045953206487148
1.0462072316739075
1.0464590332106658
1.0467085872552866
1.0469558443957026
1.0472007648336346
1.0474433111490131
1.047683442367513
1.047921120201583
1.0481562915419407
1.0483889203582517
1.0486189756408484
1.048846399529613
1.0490711540280087
1.0492931979878062
1.0495124883392628
1.0497289689132208
1.0499426058436392
1.050153352329021
1.0503611725865618
1.0505659966194851
1.0507677965885227
1.0509665197938334
1.0511621254680061
1.0513545604314607
1.0515437827350118
1.051729729997994
1.0519123688388887
1.0520916397522568
1.0522675054467803
1.0524399138639082
1.0526087970874483
1.0527741245064963
1.0529358344257382
1.0530938939448506
1.0532482243876995
1.0533987897347707
1.0535455368330222
1.053688406222472
1.0538273572911614
1.0539623313553832
1.05409326505895
1.0542201184074238
1.0543428296474704
1.0544613462373438
1.0545756144981393
1.0546855791446121
1.0547911793499654
1.0548923661518084
1.054989078791061
1.0550812584163796
1.055168857464192
1.0552518132475637
1.0553300737533542
1.0554035729310234
1.0554722561709031
1.0555360675797476
1.0555949515490275
1.0556488383060099
1.055697676604427
1.0557414099291345
1.055779978142174
1.0558133222598691
1.0558413705215184
1.0558640917956537
1.05588139535959
1.0558932370676566
1.0558995599304142
1.0559002884423794
1.0558953823808577
1.0558847646532201
1.0558683819826131
1.0558461792629477
1.0558180890209206
1.0557840355370078
1.0557439943217302
1.0556978796275003
1.0556456308066327
1.055587209587473
1.0555225211778987
1.0554515398022173
1.055374180871242
1.0552903926780848
1.0552001165382474
1.0551032957620718
1.0549998655951256
1.0548897699255213
1.0547729477106975
1.0546493410019213
1.0545188913634922
1.0543815429345404
1.0542372366356314
1.0540859157062412
1.053927521082385
1.053761999141664
1.0535892958555901
1.0534093502050705
1.0532221113731315
1.05302752574671
1.0528255364992247
1.0526160948077923
1.0523991443845822
1.0521746403596317
1.0519425251744543
1.0517027513208226
1.0514552726212274
1.051200037054273
1.0509369957316732
1.050666113630133
1.0503873328672026
1.0501006183827133
1.049805915226952
1.0495031992379285
1.0491924179826426
1.0488735312223236
1.0485465115735035
1.048211313597136
1.0478679026730795
1.04751624780386
1.0471563223513733
1.046788086130796
1.0464115114989203
1.0460265879082422
1.0456332685959646
1.0452315341655831
1.0448213763361816
1.044402765480947
1.0439756895991332
1.0435401256117607
1.0430960779837672
1.042643513493565
1.0421824376606394
1.0417128471269395
1.0412347266324549
1.0407480900702668
1.0402529288578888
1.03974925176251
1.0392370651652267
1.0387163885010442
1.0381872231913933
1.0376495885356243
1.037103508756042
1.0365490056597275
1.0359861071050556
1.035414839186852
1.0348352444577233
1.03424734651219
1.0336511951154577
1.0330468344328776
1.0324343134537115
1.0318136842492067
1.031185005344016
1.0305483357338165
1.0299037456472242
1.0292512984800037
1.0285910744387108
1.0279231508150501
1.0272476095048577
1.0265645488870685
1.0258740599607197
1.0251762282097738
1.0244711720441553
1.0237589985135294
1.0230398289755316
1.022313771877766
1.0215809541561902
1.0208415211932198
1.0200956010078066
1.0193433371112572
1.0185848918785836
1.0178204029232647
1.017050054921094
1.016273994556301
1.0154924146543398
1.0147054917498208
1.0139134119746813
1.01311637527578
1.01231458892939
1.0115082552651176
1.0106975952297983
1.0098828248405003
1.0090641998202337
1.0082419300727552
1.0074162869727639
1.0065875093223953
1.005755865862713
1.0049216231853715
1.0040850608978438
1.0032464647888846
1.002406128635175
1.001564352691968
1.0007214489210279
0.9998777328031263
0.9990335306641155
0.9981891799237504
0.9973450174875118
0.9965013967079605
0.9956586753627382
0.9948172202183717
0.9939774060236387
0.9931396186860272
0.9923042422227958
0.9914716815236337
0.9906423475215048
0.9898166418268051
0.9889950064906312
0.9881778459814247
0.987365627131586
0.9865587792001077
0.9857577606791846
0.9849630314378647
0.9841750524460624
0.9833943139144592
0.9826212843515599
0.9818564583190968
0.981100317688649
0.9803533748520713
0.9796161349970538
0.978889100220668
0.9781727943177042
0.9774677418618684
0.976774454869915
0.9760934818413896
0.9754253399925198
0.9747705700933291
0.9741297153932047
0.9735033149536548
0.9728919132454339
0.9722960527066837
0.971716283778309
0.9711531493932747
0.9706071965634101
0.9700789724043086
0.9695690158456393
0.969077874340827
0.9686060784145121
0.9681541747861965
0.9677226806476137
0.9673121289977842
0.9669230406710966
0.966555925840204
0.9662112969854904
0.9658896418601802
0.9655914603248742
0.96531722339486
0.9650674002630473
0.9648424512286826
0.9646428117231005
0.9644689205537148
0.9643211884115727
0.9642000112967741
0.964105779305416
0.9640388549440984
0.9639995823237026
0.9639882902870236
0.9640052850982161
0.9640508508013563
0.9641252495757496
0.964228717082181
0.9643614678182564
0.964523686324193
0.9647155350803666
0.964937141933121
0.9651886123308698
0.9654700167951528
0.9657813952576024
0.9661227610273242
0.9664940816044852
0.9668953061131212
0.9673263412922026
0.967787052402528
0.9682772781396547
0.9687968075176931
0.9693454065030651
0.9699227859535323
0.9705286323400336
0.9711625758376141
0.9718242181056876
0.9725131094873247
0.9732287640329456
0.9739706510082826
0.9747381955678778
0.9755307779543558
0.9763477381627708
0.9771883685358943
0.9780519157616822
0.9789375893108317
0.9798445445070376
0.9807718970160011
0.9817187161323992
0.9826840302511248
0.9836668195969458
0.9846660169995288
0.9856805346379718
0.9867092038103327
0.9877508505701997
0.9888042338344855
0.9898680870113116
0.9909410948121585
0.992021912330605
0.993109148874208
0.9942013807047779
0.9952971519962741
0.9963949689763741
0.9974933079770716
0.9985906124037836
0.9996853084931208
1.0007757742660315
1.001860384025227
1.0029374821015447
1.0040053973714875
1.005062416894182
1.0061068540081521
1.00713697025116
1.0081510352109544
1.009147314536449
1.0101240570996368
1.0110795217397492
1.012011964698977
1.0129196464864094
1.0138008431908143
1.0146538193379941
1.0154768946778014
1.0162683759132198
1.0170266097518954
1.0177499591327794
1.0184368291941903
1.0190856610081331
1.0196949253550216
1.0202631518684744
1.0207889072766156
1.0212708208145598
1.021707573357864
1.02209791658635
1.022440667949517
1.0227347162731322
1.0229790345950496
1.0231726706113977
1.0233147657767783
1.0234045646100705
1.0234413976936663
1.0234247027146297
1.0233540256858138
1.0232290336358838
1.0230495083514748
1.0228153545047107
1.0225266161445468
1.0221834576626638
1.021786192197562
1.0213352723629876
1.0208312997391382
1.0202750267950107
1.0196673639199796
1.0190093773250462
1.018302297775627
1.0175475201688289
1.016746611118641
1.0159012918240375
1.0150134757137852
1.0140852321478022
1.0131188116141785
1.0121166263325314
1.0110812726684135
1.0100154993190158
1.0089222344735407
1.0078045690518111
1.006665743785339
1.0055091583093891
1.004338353538677
1.0031570206276914
1.0019689726875964
1.0007781545505916
0.9995886082581533
0.9984044833827904
0.9972300199941753
0.9960695234092667
0.9949273578546554
0.993807930930898
0.9927156693385784
0.9916549965376121
0.9906303359091929
0.9896460581124111
0.9887064824517828
0.9878158410378935
0.9869782593151978
0.9861977328578476
0.9854781011318716
0.9848230176747819
0.9842359324826438
0.9837200641387721
0.9832783618196621
0.9829134988490992
0.9826278407578779
0.9824234082181272
0.9823018798937025
0.9822645437005404
0.9823122951589883
0.982445609887831
0.982664529224432
0.9829686437553241
0.9833570890186261
0.9838285192942877
0.9843811184989107
0.9850125849932659
0.9857201365413227
0.986500506971947
0.987349950396388
0.9882642669743134
0.9892387900415114
0.9902684177452853
0.9913476316523419
0.9924705146282642
0.9936307758159774
0.9948217919968272
0.996036621847847
0.9972680584089273
0.9985086548682459
0.999750783599239
1.0009866543269534
1.0022083892234361
1.0034080594169432
1.0045777268856966
1.0057095148561106
1.006795647845249
1.007828526841801
1.008800761083396
1.0097052421022432
1.0105351995369831
1.011284258882506
1.0119464957942244
1.0125164958238146
1.0129894097180878
1.0133610078066468
1.013627735272134
1.0137867498425002
1.0138359881330403
1.0137741951979675
1.0136009663134928
1.0133167790606186
1.0129230318054192
1.0124220573151297
1.0118171421542868
1.0111125358780333
1.0103134559040148
1.0094260724264057
1.008457497003947
1.0074157540520512
1.0063097446689202
1.0051491907830503
1.0039445888258456
1.0027071175986932
1.0014485702243032
1.0001812512336645
0.9989178658086494
0.9976714003380166
0.9964549949192347
0.9952817910672009
0.9941647923608793
0.9931166994025534
0.9921497470445312
0.9912755359880351
0.9905048707565427
0.9898475773695465
0.9893123517102596
0.988906600433236
0.9886362980622408
0.9885058427402734
0.9885179557007667
0.988673577065939
0.9889717897717122
0.9894097752140185
0.9899827885735225
0.9906841646515618
0.9915053550996119
0.9924359938266423
0.9934639940868656
0.9945756730757861
0.9957559122234007
0.9969883348795603
0.9982555168966706
0.999539223378145
1.0008206529353953
1.0020807078304996
1.003300283261258
1.0044605529910966
1.0055432672133608
1.0065310527498978
1.0074077205878822
1.008158542639534
1.0087705409282428
1.009232744367376
1.0095364432805427
1.0096753973795878
1.0096460293567615
1.009447578528723
1.0090822172912992
1.0085551188224566
1.0078744822158352
1.0070514960360728
1.00610026213532
1.0050376332654363
1.0038830144803315
1.0026580801971585
1.0013864489348971
1.000093263918617
0.9988047482894118
0.9975476906089767
0.9963488774765915
0.9952345002063189
0.994229549007264
0.9933571635342434
0.9926380304565534
0.9920897837189674
0.9917264593500257
0.9915580040796119
0.9915898921748855
0.9918228107638754
0.9922524920139374
0.9928696469970474
0.9936600605004384
0.9946048078040077
0.9956806133817471
0.9968603680060475
0.9981137211629516
0.9994078416698586
1.0007082302622916
1.0019796225001834
1.0031869455257445
1.0042962907195647
1.0052759021645183
1.0060971276914945
1.0067353275781992
1.0071707083471233
1.0073890447224567
1.0073822857026986
1.0071490088142683
1.006694696307881
1.0060318218164161
1.005179737266318
1.0041643059697807
1.0030173504866577
1.0017758318422034
1.0004808175997846
0.9991762313506448
0.997907437235394
0.9967196479138933
0.9956562627034942
0.9947571657469138
0.9940570412483403
0.9935838252085554
0.9933573301903749
0.9933881518351088
0.9936768948215242
0.9942138195327795
0.9949788923168731
0.9959423276752729
0.9970655408218333
0.9983025498456136
0.9996017541700617
1.0009079987423255
1.0021648892122916
1.0033172202847898
1.0043134472436532
1.0051080744776828
1.005663871217082
1.0059538087663846
1.0059626248379836
1.0056879265423926
1.0051407571746847
1.0043455689642955
1.0033395460383823
1.0021712730497114
1.0008987475430815
0.9995867712310005
0.9983038292183244
0.9971185486637806
0.9960959268222107
0.9952935347854174
0.9947579128975108
0.9945214318625337
0.9945998439809991
0.9949907374457696
0.9956730732822263
0.996607870169708
0.9977400767021876
0.9990015320736175
1.000314878839088
1.001598201877632
1.0027700951462057
1.0037548871925608
1.0044876713543798
1.0049188352578682
1.0050177867200394
1.0047756022802767
1.0042063859119141
1.003347139272771
1.0022560707450225
1.001009313045846
0.9996961504450959
0.9984129647309911
0.9972562580427843
0.99631520298227
0.995664327282456
0.9953569488544867
0.9954200182839948
0.9958509380702698
0.996616771509183
0.9976560708444481
0.9988832598290441
1.0001953067137768
1.0014801511962534
1.0026262142710995
1.0035321731908047
1.0041161904351024
1.0043237765837028
1.004133554379979
1.003560328646701
1.0026550171050352
1.001501238123647
1.0002085798741653
0.9989029318328333
0.9977145571722404
0.9967649464032123
0.996153779036696
0.9959474486374009
0.9961706337760368
0.9968021104870439
0.997775593741505
0.998985784452043
1.0002991143300268
1.001568141640792
1.0026480079229974
1.0034131685626246
1.0037724839663549
1.003680935144589
1.0031464628270643
1.002230877078259
1.001044340088916
0.9997335489663125
0.9984645696163572
0.9974020660866217
0.9966873858532026
0.9964185042582403
0.9966348869215444
0.9973098965364544
0.9983523822470417
0.9996177249602767
1.000927083131984
1.0020923174252678
1.0029430978695877
1.0033523544311211
1.0032563569560164
1.0026662904361874
1.0016691820141779
1.0004173261005984
0.9991068842113295
0.9979481481490263
0.9971315844438585
0.9967951231319532
0.9969986301489419
0.9977107426542121
0.9988113809046123
1.0001103043065196
1.0013790130181277
1.0023906447484436
1.0029609329941322
1.0029829322728192
1.0024490910615311
1.0014560531396668
1.0001902047665427
0.9988951980369224
0.9978262200073423
0.9971990703289095
0.9971443056377924
0.9976768305284838
0.9986888156223819
0.9999689523784052
1.0012450153313803
1.002241214236667
1.0027382721748226
1.002623290324763
1.0019182111404124
1.0007795275595361
0.999467395575648
0.9982887842637811
0.9975259277014045
0.9973664845874467
0.9978534020283597
0.9988691461278023
1.0001606389507784
1.001400306654565
1.0022686197075286
1.002537342827561
1.0021320732332673
1.0011569742283883
0.9998730592455675
0.9986324807486082
0.9977833830285177
0.997570105699415
0.9980581200479908
0.9991085593466927
1.000413393161228
1.0015833884626466
1.002263832867581
1.0022437475140595
1.0015252474307998
1.000330032715395
0.9990369705141641
0.9980653533620291
0.9977377442838267
0.9981676300619036
0.999213394937975
1.000519422510114
1.0016340591320907
1.0021655173152033
1.0019220933042658
1.000986822435203
0.9996967544928399
0.9985279237690428
0.9979213481832042
0.998112278512543
0.9990310611028905
1.0003209964578723
1.001472382237434
1.0020230122657974
1.0017464423471558
1.0007517092611384
0.9994494881600752
0.9983897475485428
0.9980300889831819
0.998531469596332
0.9996764512296478
1.0009557455906621
1.0017913666527798
1.001798953164381
1.000970648698783
0.9996909489819573
0.998567921603961
0.9981468207219464
0.9986385087005072
0.9998024685180804
1.0010552443797092
1.0017591772625845
1.0015490669317368
1.0005298852732036
0.9992368833979764
0.9983639193646983
0.998389889090495
0.9993047956436794
1.0006000285188414
1.001543687560995
1.0015939236410174
1.0007173716664972
0.9994246299258132
0.9984852691707619
0.9984704437050209
0.9993935515931656
1.0006844815150093
1.0015332230077925
1.0013984744366837
1.0003624760204193
0.9990972357159839
0.998440414142241
0.9988367210719058
1.0000204728418707
1.0011788064176195