-0.05779541901048478
-0.05789550804911057
-0.05799530805529788
-0.05809478922573035
-0.058193969391535594
-0.058292858224803915
-0.0583914261306388
-0.058489653509157746
-0.05858756824835713
-0.058685147545735686
-0.05878240375168682
-0.05887931931570082
-0.05897587656571207
-0.05907208327841309
-0.05916793344424696
-0.05926342464327666
-0.059358557226414
-0.05945329850868208
-0.05954767642973896
-0.05964165349186997
-0.05973525363699938
-0.059828459174395096
-0.05992125876315678
-0.06001364631106026
-0.060105623778492136
-0.06019718831001965
-0.06028832498712929
-0.06037903125799489
-0.06046930440346873
-0.06055913953470581
-0.06064851994119541
-0.060737442117543096
-0.060825895648936056
-0.0609139035317878
-0.061001424641317296
-0.061088466275172816
-0.061175028056974334
-0.06126109170451837
-0.06134667387005223
-0.061431736854376195
-0.06151629554184189
-0.06160033268712012
-0.06168385267890257
-0.06176682706420047
-0.061849276618475245
-0.0619311756787986
-0.062012517810139695
-0.06209331948283573
-0.062173543911864956
-0.06225318636792445
-0.06233227345213505
-0.06241077851156917
-0.06248866552952199
-0.06256597187152953
-0.06264267905217066
-0.0627187506916502
-0.06279421649136296
-0.06286902979927468
-0.06294323375988915
-0.06301678531936905
-0.06308968560208854
-0.0631619238288932
-0.06323351755930326
-0.0633044067853439
-0.06337463358175952
-0.06344416021822698
-0.06351300019310858
-0.06358113016018542
-0.06364855949394516
-0.06371526249084013
-0.06378123448303241
-0.0638464696294435
-0.06391096749586557
-0.06397471469845446
-0.0640376894249694
-0.06409990528172058
-0.06416133740566025
-0.0642219883520147
-0.06428184679294247
-0.06434090089614106
-0.06439914791837482
-0.0644565741399423
-0.06451316779482047
-0.06456894509024202
-0.06462384953236563
-0.06467790588479985
-0.0647311166860047
-0.06478344595946
-0.06483489917223845
-0.06488546105607815
-0.06493511584730707
-0.0649838730465166
-0.0650317083760822
-0.06507862047133242
-0.06512459122437425
-0.06516963185484344
-0.0652137022999301
-0.06525681755754897
-0.06529896153050051
-0.0653401180665686
-0.06538028229969003
-0.06541945427713694
-0.06545760750194157
-0.06549474351964833
-0.06553083861904174
-0.0655659018131912
-0.06559991299975822
-0.06563286505102855
-0.0656647456093422
-0.06569553770861045
-0.0657252436274767
-0.06575384271070142
-0.06578133258331674
-0.06580770541085101
-0.06583294332144378
-0.0658570412950156
-0.06587997298527007
-0.06590175606442425
-0.06592234892118026
-0.06594176237167225
-0.06595997919128858
-0.06597698683157135
-0.0659927778055403
-0.06600733726075114
-0.06602065870918841
-0.06603272336070386
-0.06604353254569852
-0.06605306418061575
-0.06606131043930723
-0.06606826084266283
-0.0660739049253291
-0.06607822239414153
-0.06608121391104693
-0.06608286128528652
-0.06608314892460784
-0.06608208192665782
-0.0660796287650238
-0.06607578948113965
-0.06607054795754515
-0.06606389778798467
-0.06605580183084292
-0.06604629286422353
-0.0660353247149269
-0.066022891309599
-0.06600898933963083
-0.06599359552043392
-0.06597670823473954
-0.06595830500421765
-0.0659383804180713
-0.06591691697178491
-0.0658939035433275
-0.06586933221368155
-0.06584318592897534
-0.06581544549863035
-0.065786116224114
-0.0657551668305974
-0.06572259491986668
-0.06568837804497463
-0.06565251444988097
-0.06561498235893236
-0.06557577855564306
-0.06553487279680838
-0.06549226349591783
-0.0654479422967259
-0.0654018861587204
-0.0653540810210317
-0.06530451698223354
-0.06525318765650094
-0.06520006498177623
-0.06514514620940108
-0.06508840765783691
-0.06502984950028413
-0.06496943833569792
-0.06490717878131816
-0.06484305371454001
-0.0647770414468893
-0.06470912999922118
-0.06463929932509033
-0.06456756133771092
-0.06449387372886256
-0.06441821733533695
-0.0643406110358739
-0.06426101572243648
-0.06417942494576503
-0.06409581245822273
-0.06401017252804944
-0.06392249830134684
-0.06383276754041065
-0.06374095945231813
-0.06364708021340024
-0.06355108675465124
-0.06345297994854368
-0.06335274286871133
-0.063250362967865
-0.0631458213023505
-0.06303910188109958
-0.06293019227325732
-0.06281907751994668
-0.06270574185262226
-0.06259017213692042
-0.062472353586893396
-0.06235226643238273
-0.0622298954887009
-0.06210523206258428
-0.06197824761027699
-0.06184895026430838
-0.06171728699931061
-0.06158327598542285
-0.061446888807967476
-0.06130811683371475
-0.06116694368412889
-0.06102334232407696
-0.060877302919387616
-0.06072881451645602
-0.06057785802917088
-0.060424412907700786
-0.060268474458826805
-0.06011001901884538
-0.059949034879878314
-0.059785501852601085
-0.05961940194511329
-0.059450729564664
-0.059279460597808524
-0.05910558210724636
-0.05892907870338371
-0.05874993021959321
-0.0585681278920037
-0.058383656703059734
-0.058196478335679015
-0.0580066142284926
-0.057814021491587826
-0.05761869377533018
-0.05742061651749508
-0.057219760909529
-0.05701612657979915
-0.05680969496464642
-0.05660044949707823
-0.05638836372149332
-0.05617343458444289
-0.05595564451575856
-0.055734970925010376
-0.055511402943181985
-0.05528492431166378
-0.05505552312135423
-0.05482317496061088
-0.05458787219868974
-0.05434959435597282
-0.05410833011618272
-0.05386405965113172
-0.05361677496748819
-0.053366452243734666
-0.05311307794203119
-0.05285663878944372
-0.0525971191788009
-0.05233450201338817
-0.05206877488792332
-0.051799920044571984
-0.051527925279710944
-0.05125277520668433
-0.05097445171799674
-0.05069294512371748
-0.05040823416965592
-0.05012030987198009
-0.04982915402690755
-0.049534761139988705
-0.04923710010861526
-0.04893617126379025
-0.04863195279104657
-0.04832443321939836
-0.04801359922163807
-0.04769943947145566
-0.047381937780850536
-0.04706107790297814
-0.04673684659482624
-0.0464092339665192
-0.04607822791337327
-0.04574381089880807
-0.04540597421068974
-0.04506470186984772
-0.04471997552255742
-0.04437179816114072
-0.04402014978779481
-0.04366501108267289
-0.04330638190144017
-0.0429442483763243
-0.042578594770974705
-0.042209403369053246
-0.04183667675433908
-0.041460394801805855
-0.041080552973014155
-0.04069714251622579
-0.040310139570901335
-0.0399195478891264
-0.039525346643454584
-0.03912754276382642
-0.03872611406575364
-0.03832105431398568
-0.037912350713032825
-0.037500008811252275
-0.03708399784190188
-0.036664332303707886
-0.03624099139966111
-0.03581397677128988
-0.03538325822420484
-0.034948869422881376
-0.03451076568188864
-0.034068957913541364
-0.03362345567105695
-0.033174223037896244
-0.032721284074883346
-0.032264603295743446
-0.031804195368900424
-0.03134006420071755
-0.030872192289030116
-0.030400592998916134
-0.02992523408120021
-0.029446136555728617
-0.028963291140313062
-0.028476695276941588
-0.027986367073442812
-0.027492284676315433
-0.026994456258596672
-0.026492877450991582
-0.025987557714144793
-0.025478493459924482
-0.0249656897336727
-0.024449146204575285
-0.02392887090228692
-0.02340486719180937
-0.022877131065892797
-0.022345670494763145
-0.02181050197771734
-0.02127163310949804
-0.020729056437602793
-0.02018278250978542
-0.01963283518728979
-0.01907919803580719
-0.018521902546977796
-0.01796094869263333
-0.01739635161241328
-0.016828129646326878
-0.016256280841857138
-0.015680825592080807
-0.015101783461030822
-0.014519163135829015
-0.013932988491659058
-0.013343260987000595
-0.012750014983470918
-0.012153260908121907
-0.011553018681386166
-0.010949316163572675
-0.010342159566342045
-0.009731585950872056
-0.009117608029227812
-0.008500256596643352
-0.007879559572652123
-0.0072555350317647024
-0.006628217670991159
-0.00599762975867868
-0.00536380791682744
-0.004726777020248919
-0.004086573908586431
-0.0034432274911951263
-0.0027967751535491656
-0.002147249557528818
-0.001494691178939379
-0.0008391371042612601
-0.00018062340042502634
0.00048080527506071645
0.0011451063391866873
0.0018122394154397835
0.0024821586331483006
0.0031548163524504507
0.0038301668681411227
0.004508159098381764
0.0051887421323659755
0.0058718642292123185
0.006557468881914
0.00724551231776781
0.007935921060778525
0.008628644363890579
0.00932362086388314
0.010020793851297439
0.010720093220495606
0.011421445963495855
0.012124798562779067
0.012830071973891915
0.013537196231016646
0.014246106183005657
0.014956712401651166
0.015668956130572703
0.01638274210911216
0.017097999982340698
0.017814636207733985
0.018532571219308142
0.019251716118367415
0.0199719788294173
0.02069327382166459
0.021415498899247213
0.0221385601582434
0.022862368291961123
0.02358679514547408
0.024311772695148105
0.025037165275362
0.0257628711840204
0.026488790025189057
0.027214795520833168
0.027940781822156303
0.02866661811355102
0.029392187941404687
0.030117368916506366
0.030842026583692464
0.031566034837567654
0.032289260673621485
0.03301156646383837
0.03373281340523026
0.0344528571513922
0.03517155704598708
0.035888760084459306
0.036604319214715034
0.03731807315542781
0.03802987081173059
0.03873954865789418
0.03944693883506109
0.04015187614600876
0.040854192535711195
0.04155370777677253
0.04225024771883806
0.04294362908149182
0.043633668309624424
0.044320175384466275
0.045002957928234257
0.04568182411961406
0.04635656597970708
0.04702698847733211
0.04769288092076062
0.048354032674228144
0.04901023314650589
0.04966125904273046
0.05030688806481741
0.0509469008333648
0.05158106138605992
0.052209135347407655
0.052830888099953795
0.05344607996829001
0.05405445516074676
0.05465577869591083
0.05524978492247982
0.05583623274664366
0.05641483571035289
0.056985352496128246
0.05754749987220147
0.058101006870480996
0.05864559439909366
0.05918098793187302
0.059706894486245055
0.060223036242394515
0.06072911029482353
0.061224818947146806
0.061709866673839986
0.062183950928480794
0.06264676080659846
0.06309797990436421
0.06353730516423284
0.06396441307061555
0.06437897449584994
0.06478067397012481
0.06516917793834467
0.06554415527153656
0.06590527294372063
0.06625219466134692
0.06658457466047517
0.06690207704109469
0.06720435300199808
0.0674910558403123
0.06776183641799796
0.06801634323209706
0.06825422284482875
0.06847512048670647
0.06867867721871183
0.06886453929314948
0.06903235454286827
0.06918174853272584
0.069312378169371
0.06942387321357353
0.06951588268687839
0.06958804594235278
0.06964000639449089
0.06967140572981201
0.06968189208603714
0.06967111410877509
0.06963872192979018
0.06958436820782542
0.06950771323228254
0.06940840910104565
0.06928612959566316
0.06914053959039727
0.06897131693786974
0.06877814082602884
0.06856069717269028
0.06831868369673504
0.06805179724942105
0.0677597596039185
0.0674422724938213
0.06709907857170275
0.06672991166176452
0.06633452002969509
0.06591266781255915
0.065464128104821
0.06498868952401729
0.06448615161570394
0.06395633144185695
0.06339905988142215
0.06281418754769255
0.062201575881958675
0.061561110065138404
0.06089270240580102
0.06019625671719787
0.05947173594788151
0.05871909360389415
0.05793832709281689
0.05712944453211597
0.05629248043617742
0.05542750386617454
0.054534602493231804
0.05361389311575821
0.05266552161001496
0.051689657117167026
0.050686519017135584
0.04965632866979207
0.04859937141593688
0.047515942685730596
0.04640637722564504
0.04527104766455142
0.044110361006986974
0.04292476432897325
0.04171473465383504
0.040480791953401964
0.03922349788619347
0.03794344332449191
0.03664127628023844
0.035317654988422334
0.033973314738661095
0.0326090024460699
0.03122552685054897
0.029823726095997656
0.028404485204990726
0.026968731714887593
0.025517428869183394
0.02405159468375865
0.02257226725464963
0.021080551862684527
0.019577572886007453
0.01806450978772587
0.016542576677997908
0.015013022098900566
0.013477139678921632
0.01193625892546744
0.010391743482887463
0.008844985715120561
0.007297442700252682
0.005750557880266032
0.004205837780883348
0.002664804629179593
0.0011290141846544933
-0.0003999391548451724
-0.0019204799019187067
-0.00343096260324892
-0.004929739966068743
-0.0064151631432230825
-0.00788554326523377
-0.009339198630506484
-0.010774426843143569
-0.012189518046044552
-0.013582767396266205
-0.014952457660420108
-0.016296880985289357
-0.017614327250350535
-0.018903099087107512
-0.02016150533099598
-0.021387868974817047
-0.022580530276926882
-0.02373784927657154
-0.024858205583103206
-0.025940011409751926
-0.026981698618918623
-0.027981738682605724
-0.02893863678136808
-0.02985093308568675
-0.030717211620587357
-0.031536099629286836
-0.03230628094775178
-0.03302647273021346
-0.03369546116650932
-0.03431208236758705
-0.03487523102906923
-0.03538386771762155
-0.03583701369674087
-0.03623376081462372
-0.036573268673311204
-0.03685477362367394
-0.03707757708466042
-0.03724107072450071
-0.03734471791320716
-0.03738806204749268
-0.03737073529007301
-0.037292454233401974
-0.03715302044166165
-0.03695233037224649
-0.03669036506406794
-0.03636720219854378
-0.035983014402003466
-0.035538067888538236
-0.0350327261874468
-0.03446745472707065
-0.03384281481711015
-0.03315947371407774
-0.0324181911956317
-0.03161984456804414
-0.03076539664165737
-0.02985593728326478
-0.028892642990065654
-0.027876807424882286
-0.026809823514715128
-0.0256931975787362
-0.024528543338928444
-0.023317577358221646
-0.022062129330941937
-0.02076413706164305
-0.0194256440483779
-0.018048803876747368
-0.01663588064886575
-0.015189239133432984
-0.013711357151347098
-0.012204822264899084
-0.010672314941611282
-0.009116634833005321
-0.007540673560182228
-0.0059474314903920095
-0.0043400062026605095
-0.002721591909813053
-0.001095483167183676
0.000534939275569661
0.0021662006893592516
0.003794731932912085
0.005416897876845416
0.007028974430286336
0.008627164000635993
0.010207601250356217
0.011766359542340066
0.013299452895677933
0.014802850600205345
0.016272478506614476
0.01770422405255711
0.0190939654961553
0.020437556113504927
0.021730844457192505
0.02296970093409465
0.02415000572115962
0.02526768423136275
0.02631870929303003
0.02729912239737921
0.028205050924695906
0.029032714779953363
0.029778469228745
0.03043880318882301
0.0310103680326964
0.0314900023744251
0.03187475087115809
0.03216189019353408
0.03234895610969106
0.03243375903310294
0.0324144255709799
0.032289405772299294
0.03205751978260208
0.0317179653061133
0.031270348058460976
0.03071471791107627
0.030051578526466147
0.029281914163165734
0.028407215715146487
0.02742948824304796
0.026351282595879228
0.02517569323459224
0.023906378535911654
0.022547562965153266
0.021104040825023814
0.019581174670163137
0.017984886868869104
0.01632164803431996
0.014598463901615757
0.012822846994228969
0.011002795955061751
0.009146750745572613
0.00726357332931146
0.005362479001690173
0.0034530055386235736
0.0015449454428037735
-0.0003516925284082806
-0.002226770364140751
-0.004070072126344134
-0.005871370761793816
-0.007620517718919526
-0.009307490514403294
-0.010922481120786049
-0.012455964540872513
-0.013898773888717717
-0.015242166103343524
-0.01647789238122958
-0.017598267139799416
-0.01859622131909669
-0.01946536857092397
-0.020200056366849312
-0.020795409366125287
-0.02124737773671517
-0.02155277549527642
-0.021709305697820293
-0.021715600094912742
-0.021571218347608622
-0.021276692106805616
-0.02083350554789872
-0.02024411797309114
-0.01951195680950582
-0.01864140975783691
-0.017637821600747318
-0.01650746139770917
-0.01525751801176491
-0.01389606561754852
-0.012432036484110308
-0.010875184844540406
-0.00923604664189909
-0.007525897869848254
-0.005756703188142449
-0.003941055736841936
-0.002092134168499887
-0.0002236211770305727
0.001650364833595832
0.003515340329470248
0.005356552044301982
0.0071590565363369866
0.008907835120896006
0.01058788637731896
0.01218435117860087
0.013682631526759196
0.015068532316468783
0.01632838990188778
0.01744923185998773
0.018418921672274866
0.01922633131215922
0.019861501872830263
0.020315807135385482
0.020582136518789672
0.02065504796347842
0.02053093248134479
0.020208175045460446
0.019687270817524975
0.018970963216493508
0.01806432974369501
0.016974850189033098
0.015712438846115097
0.014289445559549648
0.012720602198129392
0.011022940849518399
0.009215651753669118
0.00731989748207085
0.005358584311089526
0.0033560773846809406
0.0013378848724372235
-0.0006697002268429386
-0.002639990115163466
-0.004546311436566594
-0.006362428653689655
-0.008062977330532057
-0.009623881535673688
-0.011022770790198437
-0.012239362597782195
-0.013255815007242907
-0.014057050270796621
-0.014631017945634116
-0.014968928752059999
-0.015065419354691894
-0.01491868029209262
-0.014530515756051722
-0.013906369652541505
-0.013055280198197617
-0.011989803428065687
-0.01072587888442162
-0.009282663287261718
-0.007682305584671541
-0.005949697579549074
-0.004112178208958873
-0.0021991993043442987
-0.00024196094685249855
0.001726996516230378
0.0036742362554781772
0.005565904500271899
0.007368245636799461
0.009048149344637636
0.010573742568553899
0.011914993473308355
0.01304434725693249
0.013937374293277838
0.014573414645949367
0.014936214209319768
0.015014519452951767
0.014802622829244062
0.014300822213024835
0.013515775075777624
0.012460712722350942
0.011155496473848829
0.009626483525863105
0.007906190100342032
0.006032743390944135
0.00404911394488135
0.002002147666225329
-0.0000585810145016556
-0.002082072643517471
-0.004017302459038204
-0.005814674610942241
-0.007427486104824407
-0.008813315648868952
-0.009935322752282566
-0.010763376150187987
-0.011275001233164267
-0.011456095693467202
-0.011301420720329459
-0.01081483257136134
-0.010009283839046689
-0.008906581305879119
-0.00753693008092171
-0.005938257023077873
-0.004155362069275804
-0.002238876789773995
-0.00024407013890554919
0.0017704987175487332
0.003744461256189897
0.0056172467036512165
0.007329793621446249
0.008826346918019276
0.010056303101314406
0.010976071115528736
0.011550868488687013
0.011756417479178952
0.011580414498269206
0.011023700044159668
0.01010101782834929
0.008841260471161348
0.00728711392458303
0.005494047090156511
0.0035286050851450674
0.0014660615318592737
-0.0006125283298815739
-0.0026237051370367314
-0.004485275774271526
-0.006120039421225269
-0.007459383225737486
-0.008446517705980419
-0.009039203094170478
-0.00921180346817028
-0.00895659512872498
-0.008284295986681298
-0.007223801230180027
-0.00582118052406456
-0.004137983873043955
-0.002248915800039895
-0.00023898138159818066
0.0017998658099967976
0.003772452570018755
0.005584458731008528
0.007146683432004378
0.008379442665707598
0.009216876308142665
0.009610993502773764
0.009535198927188048
0.008987005637163377
0.007989609779773246
0.006592078844458436
0.00486788675407821
0.0029117112844481785
0.0008345357334873961
-0.0012427179442697383
-0.003196614327600965
-0.004909151852177607
-0.0062755718966445075
-0.007211441910863022
-0.00765843135942842
-0.007588381017719507
-0.007005420096003748
-0.005946046437218282
-0.004477234404423954
-0.0026927329286700065
-0.0007077703522963023
0.001347575185041138
0.0033360747426119217
0.005121822960030623
0.0065791483602256635
0.007601534284080629
0.00811003453501357
0.008060531293741163
0.007449103283438455
0.006314729187849301
0.004738656925792117
0.0028400016184518917
0.0007675117404249181
-0.0013120150536097875
-0.0032277350175600092
-0.004819782174052059
-0.005953731812031316
-0.006532978791339958
-0.006507763659987532
-0.005880031168191926
-0.00470381504971265
-0.0030812345465662913
-0.0011545436038124049
0.0009051517305564261
0.002911779466447441
0.004679960691887512
0.0060415214942478495
0.006861714857193786
0.007053780700125867
0.006590251784108021
0.0055092652277494575
0.003914369260745007
0.001966820444296791
-0.0001295989884981773
-0.002150023824752615
-0.003873758449219733
-0.005110021314897634
-0.0057206868935092406
-0.005637001480548496
-0.004868239604410184
-0.003501487969404698
-0.0016928587280586067
0.00034882033766297545
0.002384215361844098
0.004169738001318546
0.005485632906722879
0.006163340447302065
0.006109065671715174
0.005320111719059241
0.0038905839849147387
0.0020039167461681794
-0.0000884649516637573
-0.002100454276038657
-0.003751882075988754
-0.0048098736272155305
-0.005123945445186998
-0.004649078206838468
-0.0034533912088882744
-0.0017097033470845735
0.0003274776831297654
0.0023564967897455554
0.0040706763024722205
0.005203331333021429
0.005570174594023246
0.0051027833027864015
0.0038664470327393454
0.002056798025555469
-0.000027349413102412157
-0.0020324917382767817
-0.0036122544826752154
-0.004490418928728623
-0.004512220177311962
-0.003673737057082017
-0.002124276138659173
-0.00014199643252766462
0.0019127782544316912
0.003659484420332172
0.0047656434582411715
0.0050112008139217715
0.0043371242434286994
0.0028664395779760526
0.0008888834223106011
-0.001192489733053821
-0.0029441261160477036
-0.003995971007032883
-0.004123857901829071
-0.0033003845570084606
-0.0017030848273478817
0.00032089590843876553
0.002325897707539849
0.003861402754433672
0.004571531739336517
0.004280886339867783
0.003045968211632476
0.0011543632105608993
-0.0009358044738425106
-0.0027064274993879164
-0.0037121609291279247
-0.003697859387297556
-0.0026672726055543754
-0.0008851301752271754
0.0011865956188020538
0.0030025578200685867
0.004072997626236284
0.004096832504962419
0.00305460372370523
0.0012296653549602223
-0.00085943308404297
-0.002604719037752196
-0.003490876845047296