-0.06667782605273877
-0.066835541130274
-0.06699328177209107
-0.06715108016069306
-0.06730894749653885
-0.06746688176334902
-0.06762484405779864
-0.06778285735892754
-0.06794092079645532
-0.06809902564952894
-0.06825715724516149
-0.06841532936684672
-0.06857353709618381
-0.06873176456114884
-0.06889002716972936
-0.06904830456531644
-0.06920661185069767
-0.0693649191161399
-0.0695232474144979
-0.0696815840462829
-0.0698399198908954
-0.06999825735211243
-0.07015659247472329
-0.07031492417789104
-0.07047325744123335
-0.07063156478307439
-0.07078985754646114
-0.07094813253246295
-0.07110638829295594
-0.07126459023645716
-0.0714228008421761
-0.07158095078046055
-0.07173907044444698
-0.07189714732196097
-0.07205517773264486
-0.0722131579225321
-0.07237108217306797
-0.07252893574269206
-0.07268674398287128
-0.07284448164077802
-0.07300214987588179
-0.07315974284485131
-0.07331725192578527
-0.0734746747958258
-0.07363201871335985
-0.07378925897537295
-0.07394641438612735
-0.0741034620482894
-0.07426040493298114
-0.07441725076962243
-0.07457396853121
-0.0747305669627388
-0.0748870517993092
-0.07504338833884475
-0.0751996173514604
-0.07535569368684204
-0.07551163390490097
-0.07566743231363803
-0.07582306786332982
-0.07597855012945394
-0.07613387177265146
-0.0762890265851683
-0.07644400416726661
-0.07659881303455095
-0.07675343403727221
-0.07690787235011264
-0.07706211570327459
-0.07721616156474931
-0.07737001074456112
-0.0775236438681783
-0.07767707498749539
-0.07783028198437149
-0.07798324940660016
-0.07813600871618903
-0.0782885200133025
-0.07844079726214989
-0.07859282454715406
-0.07874460037377039
-0.07889612692785833
-0.07904737626605944
-0.07919835284449706
-0.07934906699377514
-0.0794995066525284
-0.07964963537351093
-0.07979948748986321
-0.0799490311943575
-0.08009826614867897
-0.08024720145858298
-0.08039580775199641
-0.08054410371131082
-0.08069205181099043
-0.0808396849497482
-0.0809869459365119
-0.08113387171106183
-0.08128044612887099
-0.08142664854907783
-0.08157248156931722
-0.08171793750151551
-0.08186301146725206
-0.08200769629746929
-0.08215198195159243
-0.08229586467267219
-0.0824393423673749
-0.08258239291142078
-0.08272502495055824
-0.08286721469783484
-0.08300898110080496
-0.08315028844756565
-0.08329115027021296
-0.08343154420451883
-0.08357147144277555
-0.08371092218881264
-0.08384988810218315
-0.08398836311576295
-0.08412634007092248
-0.08426380808620597
-0.08440076022143715
-0.08453717644166137
-0.0846730933559915
-0.08480845864788537
-0.08494327095349877
-0.08507753494397549
-0.08521124323942048
-0.0853443640359956
-0.0854769070427116
-0.0856088770727272
-0.0857402413873704
-0.08587100947958688
-0.08600115046828961
-0.08613069298777282
-0.0862595732399688
-0.0863878297712552
-0.08651543704001871
-0.08664239077652294
-0.08676867904471934
-0.08689428904482376
-0.08701922378607047
-0.08714346876787701
-0.0872670001694503
-0.0873898257442881
-0.08751192678274382
-0.0876333051163159
-0.08775393659548153
-0.08787381659164976
-0.08799295194945972
-0.0881113125212656
-0.08822889307003333
-0.088345683160261
-0.0884616846355848
-0.08857687339312721
-0.08869124378407033
-0.08880478443547475
-0.08891749479259252
-0.0890293613250435
-0.08914034898725409
-0.08925048604674261
-0.08935973825154492
-0.08946809816934365
-0.08957556073244137
-0.08968211217530951
-0.08978774118197622
-0.08989243316964596
-0.08999618906843343
-0.09009899148939172
-0.09020082258529524
-0.09030168201011354
-0.09040154787089635
-0.09050041627758411
-0.09059827488399845
-0.09069510927840338
-0.09079090386314834
-0.09088567125585552
-0.09097937219661115
-0.091072003087665
-0.09116355196932398
-0.09125401771831344
-0.0913433684796807
-0.09143160676984231
-0.09151871846330793
-0.09160468981534477
-0.09168950048125256
-0.09177314434873955
-0.09185561851340586
-0.09193689298418771
-0.09201696861506796
-0.09209582864700187
-0.09217346377689502
-0.09224984740248117
-0.09232497860465975
-0.09239884875318423
-0.09247143298361366
-0.09254272368858908
-0.09261270321282632
-0.09268136397064818
-0.09274868712506941
-0.09281466091371873
-0.09287927688997702
-0.09294251062999766
-0.09300435836179337
-0.0930648076634825
-0.09312383236617028
-0.09318141729836046
-0.09323757351146607
-0.09329225849856645
-0.09334546525943076
-0.09339718869413659
-0.09344739876415006
-0.09349610569537149
-0.09354327514954988
-0.09358887891327784
-0.09363293960836981
-0.0936754137252269
-0.09371629406352001
-0.09375556676064017
-0.09379320941079917
-0.09382921859153942
-0.09386356879989112
-0.09389625055159405
-0.09392724385661191
-0.09395653582865382
-0.09398411124545912
-0.09400995204627334
-0.09403403177449388
-0.09405635697647434
-0.09407690169674425
-0.09409563846395719
-0.0941125681302623
-0.09412766135282406
-0.09414090719160552
-0.09415227837342163
-0.09416177532657662
-0.0941693758824326
-0.09417505667880441
-0.0941787975264359
-0.0941806002829994
-0.09418042346144696
-0.0941782724614111
-0.0941740984226509
-0.09416792226535302
-0.09415969927465243
-0.0941494238719444
-0.09413706816188461
-0.0941226404869258
-0.09410607813667307
-0.09408740038339518
-0.09406656580166554
-0.09404357693292392
-0.0940183990759863
-0.09399100659995284
-0.0939614114280075
-0.09392957684113326
-0.09389546924016702
-0.0938590947249505
-0.09382041461165912
-0.09377942324723444
-0.09373609885575519
-0.09369042420286527
-0.09364236984703977
-0.09359192470032521
-0.0935390583533867
-0.09348376076596575
-0.09342601559415553
-0.09336579305035596
-0.0933030793038187
-0.09323784998352833
-0.09317008674605193
-0.09309977450519102
-0.09302687605613315
-0.09295140844837335
-0.0928733019015881
-0.09279256145410858
-0.09270916309294305
-0.0926231023498737
-0.09253431799958717
-0.09244283847439347
-0.09234859727461424
-0.09225160191654877
-0.09215182642027452
-0.09204923166164022
-0.09194381806573285
-0.0918355596825538
-0.09172442294227234
-0.09161040739436692
-0.09149346348046103
-0.09137358750346877
-0.0912507568039978
-0.09112493513577923
-0.09099611872302554
-0.09086426672762526
-0.09072937180270131
-0.09059141058404845
-0.0904503578470256
-0.0903061737975762
-0.09015884869180395
-0.09000838581177614
-0.08985472466127034
-0.0896978549303363
-0.08953775607555828
-0.08937440098278096
-0.08920776841459571
-0.08903783392324666
-0.08886457263445892
-0.0886879720311479
-0.0885079930750782
-0.08832462264988988
-0.08813782651475101
-0.08794759212686672
-0.08775388937607867
-0.08755669512582644
-0.08735598681058954
-0.08715173784014522
-0.08694392973722721
-0.0867325290750218
-0.08651751691456018
-0.0862988699531522
-0.08607656473093461
-0.08585057141474142
-0.08562086857184445
-0.08538743208362193
-0.08515023682090304
-0.08490925864133228
-0.08466446970109329
-0.08441584971065276
-0.08416336909166866
-0.08390700884370232
-0.08364673689890272
-0.08338253676283634
-0.08311437477988899
-0.08284223493933558
-0.08256608366014599
-0.08228589809619953
-0.08200165572825609
-0.0817133355915323
-0.08142089969528629
-0.08112432856898744
-0.08082360596485
-0.08051869205045711
-0.08020957396501688
-0.07989621355366007
-0.07957860534007523
-0.07925670462408425
-0.07893049694543665
-0.07859996005223818
-0.07826504457558156
-0.07792575868996801
-0.07758204795995675
-0.07723390724836453
-0.076881307271173
-0.07652421859588832
-0.07616261756518992
-0.07579647339784841
-0.07542577752492372
-0.07505048422313483
-0.07467058556711716
-0.07428604991880014
-0.07389684750792226
-0.0735029582833822
-0.07310435328973842
-0.07270101638004398
-0.07229291488450539
-0.07188003553839967
-0.07146233634852522
-0.0710398105108099
-0.07061241052004873
-0.07018014637056327
-0.0697429615103473
-0.06930084335214069
-0.0688537763173737
-0.06840172713811049
-0.06794467474470994
-0.0674825923329438
-0.06701546873244152
-0.06654325929513513
-0.06606595915228931
-0.06558353819248032
-0.06509597327484093
-0.06460324870125098
-0.0641053215202735
-0.06360219880450141
-0.06309383671775012
-0.06258022103800996
-0.06206133107655601
-0.06153714384009306
-0.06100762908582259
-0.06047278416945697
-0.05993256941576402
-0.05938697170493109
-0.05883598347890363
-0.05827956439614736
-0.05771770343927972
-0.05715037795095828
-0.05657757778516314
-0.05599927409174059
-0.05541545419251232
-0.054826089642004916
-0.05423118233483127
-0.05363068909505543
-0.05302462226048574
-0.052412931277518914
-0.05179562075187642
-0.05117267236559525
-0.05054406154948144
-0.04990979511238048
-0.04926982630838031
-0.04862416664930141
-0.04797278345874293
-0.047315676577749294
-0.04665282722786201
-0.04598422705552744
-0.04530984725141617
-0.04462970564447769
-0.043943763457597824
-0.043252024668332605
-0.0425544742289656
-0.04185110512264611
-0.04114190550780725
-0.040426869891617846
-0.03970598939267451
-0.03897925967349809
-0.03824666877865748
-0.03750821310758149
-0.03676388910484821
-0.036013695376448225
-0.03525762254768245
-0.03449567145036364
-0.03372783795993079
-0.03295412272948968
-0.03217452664158428
-0.03138904418791741
-0.030597681253410586
-0.02980044201032578
-0.028997323513743675
-0.028188335181532482
-0.02737348172629275
-0.026552762655160312
-0.02572619114991854
-0.024893774209988836
-0.024055518225347818
-0.023211434566417687
-0.022361537445379158
-0.021505835873228595
-0.020644343912779622
-0.019777077885143043
-0.018904052593629178
-0.01802527805760885
-0.017140778287950725
-0.01625058171036418
-0.015354699834517864
-0.014453154305621309
-0.01354596728572066
-0.012633172746147425
-0.011714793521930295
-0.010790849774314736
-0.009861382965199941
-0.008926416455539323
-0.007985990032694805
-0.007040131412414784
-0.006088876205924096
-0.005132274428586375
-0.004170352124408294
-0.0032031563782716817
-0.0022307320200381942
-0.001253117499980942
-0.00027036337862957623
0.0007174686938308137
0.0017103511481200546
0.002708206053463201
0.0037109972318711587
0.004718659460745029
0.005731120953796558
0.006748356016503159
0.007770259432281212
0.008796781308856827
0.009827855046105057
0.010863405067323063
0.011903358449895056
0.012947638819173738
0.013996162827927093
0.015048855559781795
0.01610562201971491
0.017166383831048477
0.018231043280140278
0.01929951161687202
0.020371689305429323
0.02144747711573932
0.022526772116020517
0.023609468765425804
0.02469545649743573
0.02578462276383682
0.026876851600896704
0.027972022570120224
0.02907001060690641
0.03017069431244562
0.03127393628094407
0.032379603741732176
0.033487561466308116
0.03459766367138544
0.03570976229170344
0.03682370963170472
0.03793934783384549
0.03905652063809201
0.040175059743644756
0.04129480537453533
0.042415575031891806
0.04353719286671815
0.04465948150486958
0.045782253032781224
0.04690530825080399
0.04802845530607742
0.04915149236815104
0.05027419937298891
0.05139639279122033
0.052517827211733335
0.0536382784113578
0.05475752740629035
0.0558753377313984
0.05699146922606219
0.05810566218699544
0.059217667660934115
0.06032723412344955
0.061434087291032655
0.06253795851754154
0.06363856386167
0.06473561842093856
0.06582883293024383
0.06691790243826874
0.06800252585010193
0.06908237820522645
0.07015715017016827
0.07122650837072501
0.07229011396805034
0.07334762581349058
0.07439869234345542
0.07544295396334569
0.07648004151217819
0.07750958163920947
0.07853119064996156
0.07954447424374139
0.08054903814179509
0.08154446298835626
0.08253033763539473
0.08350624186822836
0.08447173072374199
0.08542636141921019
0.08636968805668672
0.08730124116701699
0.08822055623064069
0.08912714845385496
0.09002052723427703
0.09090020344254626
0.09176566152256405
0.09261637720978246
0.09345183611507768
0.09427149157607276
0.09507480082531987
0.09586121790772605
0.09663015908408756
0.09738106397459594
0.09811334322777264
0.09882639842954381
0.09951963522873862
0.10019242956055883
0.10084417362695412
0.10147422014979393
0.10208193798091197
0.10266668325133058
0.10322779112747602
0.1037645940796202
0.10427641262696355
0.10476257524245174
0.10522238055759173
0.10565513376348347
0.1060601272823693
0.1064366460530603
0.10678397639945236
0.10710138207434196
0.10738814434765387
0.10764351173742748
0.1078667459063763
0.10805710920039076
0.10821383811398153
0.10833618018637893
0.10842339189366028
0.10847470776888972
0.10848936186662712
0.10846661003028256
0.10840569326061718
0.10830583670648855
0.1081663127247109
0.10798635001584038
0.10776521726616184
0.10750217535200048
0.1071964909337421
0.10684744362181921
0.1064543213654674
0.10601642431232787
0.10553306398109126
0.10500356990262912
0.10442728472725533
0.10380357340336634
0.10313181496402789
0.10241141651035188
0.1016418000645274
0.10082243408307724
0.09995278100184418
0.09903236401198219
0.09806073326491024
0.09703745576837965
0.09596216024336518
0.09483448699997563
0.09365416132665229
0.09242089547312643
0.09113451348250398
0.08979482530623242
0.08840175017210973
0.08695522146018697
0.08545525865196055
0.08390191762612845
0.08229533973342981
0.08063574715404337
0.07892337135635606
0.0771585887215593
0.07534180144197622
0.07347350782998156
0.07155428219222919
0.06958479284213258
0.06756578193519973
0.06549808583763181
0.06338261862512756
0.06122040970078616
0.05901256070113837
0.05676028538876777
0.05446489523190634
0.05212778448902714
0.04975046158951484
0.04733453588369094
0.04488172237081214
0.04239381315835121
0.039872743814390696
0.03732051777623999
0.03473926210846279
0.03213119098865247
0.02949863493965465
0.026844001200504945
0.024169814063555436
0.021478675678617824
0.01877329181734215
0.016056462346336488
0.013331051511057363
0.010600015816219688
0.007866405063716903
0.005133311453356272
0.002403929818368468
-0.0003185085646289199
-0.0030307149853785955
-0.00572933430445891
-0.008410958666392054
-0.01107217017222323
-0.01370948561897542
-0.016319435507249402
-0.01889849345125298
-0.02144313776170844
-0.02394985378981782
-0.026415096033507023
-0.0288353767938943
-0.031207198053377305
-0.03352710189843441
-0.03579164499366511
-0.03799745516178929
-0.040141184989365086
-0.04221956683895607
-0.044229379954363254
-0.04616747975572017
-0.04803081008130386
-0.04981639397516837
-0.051521348569332506
-0.05314289398712125
-0.05467834712858919
-0.056125145308553795
-0.057480843204261806
-0.05874311410438128
-0.05990975419090286
-0.06097870918853846
-0.061948033891626134
-0.06281596343595618
-0.06358082724260779
-0.06424114527175506
-0.06479557037851669
-0.06524291328947161
-0.06558213071733614
-0.06581235819038127
-0.06593287166843854
-0.06594312708576648
-0.06584273568236007
-0.0656314633887441
-0.06530926820901589
-0.06487626265220617
-0.06433271109341887
-0.06367907572143527
-0.06291596871183514
-0.0620441839538156
-0.061064673895077394
-0.059978567519795384
-0.058787166507710084
-0.05749194288001269
-0.05609452616752282
-0.05459673762938533
-0.053000553014680506
-0.05130813368777212
-0.04952179072730279
-0.0476440307784043
-0.04567750889087933
-0.043625073086871365
-0.04148972872513884
-0.03927465784402296
-0.03698321506086497
-0.034618926172136494
-0.03218549671611503
-0.02968679296765432
-0.0271268710776803
-0.02450995143207052
-0.021840429115916257
-0.019122892210116517
-0.016362076677194713
-0.013562925621209981
-0.01073053701223023
-0.007870185845421056
-0.004987339225014821
-0.0020876322221839686
0.0008231279182286447
0.003738949911460099
0.0066536789774918415
0.009560984186141193
0.012454363415325556
0.015327163206311214
0.018172543392645537
0.02098352590439557
0.023752987018621163
0.026473642159183793
0.02913807979906606
0.031738773212549636
0.03426805489694905
0.036718199058155765
0.039081355741625336
0.04134962425863172
0.043515056745977734
0.0455696743600591
0.04750550116187075
0.04931458319371555
0.05098902738080911
0.052521032899639775
0.05390292556943075
0.055127195860157824
0.05618656529192152
0.057074005658440785
0.05778281548513091
0.058306656936701194
0.058639631190417076
0.05877632769254036
0.0587119137909693
0.058442177349933844
0.05796362330307145
0.05727352509880516
0.056370014647976176
0.05525215950025767
0.05392003098084597
0.05237477137949777
0.050618678115020944
0.0486552543125005
0.046489277137779644
0.044126851712247325
0.04157543071235797
0.03884386072644193
0.035942402559891555
0.03288273490653889
0.029677907535423497
0.026342366580398496
0.0228918584881619
0.019343377395279273
0.015715090621991397
0.012026217062835479
0.008296914498269043
0.0045481278890986765
0.0008014508276645521
-0.0029210546076347136
-0.006597040887561893
-0.010204075517730655
-0.013719779758666235
-0.017122103189122925
-0.020389468042484753
-0.023500979101565418
-0.026436602585491666
-0.029177359173236772
-0.03170545848518593
-0.0340044782702799
-0.036059487280261364
-0.03785715905623002
-0.039385880436099016
-0.0406358292836925
-0.04159904060874962
-0.042269441183046645
-0.04264291594863108
-0.04271727749752742
-0.0424922938695784
-0.041969678549144795
-0.04115304131968818
-0.04004790626786769
-0.03866160692564805
-0.037003287324951305
-0.03508383132411878
-0.032915791141600544
-0.030513366764361477
-0.027892301892526665
-0.02506983034122835
-0.022064618169195787
-0.01889668812234362
-0.01558734585291472
-0.012159103482303145
-0.008635619512603833
-0.005041599813285625
-0.001402719012143507
0.0022544716464720036
0.005902650872533543
0.00951382922682941
0.013059487118244145
0.016510697462084042
0.01983829501869888
0.023013057075990107
0.02600586565552097
0.02878798816155698
0.031331281196043476
0.03360847405223709
0.035593511341783415
0.037261846632575694
0.03859083571373028
0.03956012957901675
0.040152083411636834
0.04035221336752214
0.04014962011126815
0.03953745738225838
0.03851336067784845
0.037079857557642246
0.03524473203058349
0.03302132844166755
0.03042876852479187
0.02749206993605337
0.024242129795309122
0.02071559504948917
0.016954554386442795
0.013006091572019329
0.008921674933372144
0.0047563900592778475
0.0005680585885275788
-0.0035837867278807954
-0.007638979482910548
-0.011537867926491863
-0.015222476530278039
-0.01863760354929195
-0.02173192219928105
-0.024458926635518033
-0.026777798717565478
-0.028654124003863694
-0.03006043283977125
-0.030976622935779127
-0.031390209713408314
-0.0312964528612507
-0.030698299101522632
-0.029606274889851892
-0.028038244101246456
-0.026019082839846743
-0.023580308215889273
-0.02075964388686031
-0.017600534171387953
-0.014151652746892571
-0.010466353119490198
-0.006602117210970125
-0.002619944779865973
0.001416277890134897
0.005440437757527241
0.009384965452063642
0.01318161549616533
0.016762374450569294
0.020060441460258257
0.023011318137353316
0.025554022623227673
0.02763240340817444
0.02919657341040829
0.030204395181090707
0.03062305188551995
0.030430616544018893
0.02961751628379462
0.028187883860789617
0.026160646026857422
0.023570242436535754
0.02046689629462279
0.016916319002562047
0.012998757126991651
0.008807392916883457
0.004446047808116631
0.000026296111605352845
-0.004335938984989178
-0.008524109632167747
-0.012424917194878666
-0.01593212061296987
-0.018950090956980924
-0.021396916862574184
-0.023206941318392085
-0.02433264882735596
-0.024745876165042348
-0.02443823846894932
-0.0234215800561154
-0.0217263560178011
-0.019401601460378542
-0.01651303046497008
-0.013141468963768454
-0.009380965313777488
-0.005336727802735857
-0.001122896248790158
0.0031398403478116728
0.007326826162409132
0.011312236530399722
0.014972105508019102
0.018187673908901223
0.020848984905518477
0.022858779918030068
0.024136570778184235
0.024622787010211394
0.024282788971048026
0.023110443516172845
0.021130955105114764
0.018402538728940043
0.015016568375209653
0.011095849432627473
0.0067908785703534695
0.0022740361208843257
-0.002268032844126509
-0.006643384913339968
-0.010664454584896751
-0.014157716017100965
-0.01697252901199992
-0.01898859012663236
-0.020121528558604856
-0.020326392935038278
-0.019599082863421675
-0.01797583830154808
-0.015531098357138673
-0.01237404138563825
-0.008644092681566056
-0.004505653346871253
-0.0001421935290334638
0.004250206682842686
0.008469878521689754
0.012317168737318598
0.015602640769536836
0.0181558837139312
0.0198347138702139
0.020534450420252006
0.02019671844302039
0.018816945593578934
0.01644952097423491
0.013209546443480385
0.009270217079423534
0.004855149589900936
0.00022573833281949358
-0.004335799980798966
-0.008546158084223474
-0.012141465066182995
-0.014896450365508435
-0.016640323360717708
-0.017268025642308116
-0.016746270460603268
-0.015114427099685563
-0.012480886718522663
-0.009015724030382938
-0.004940536773474679
-0.000516161845742559
0.003971257511520014
0.008225632129374603
0.011957543216091394
0.014902015555085905
0.016837038989597708
0.01760204536433871
0.017114923835989223
0.015385566745032627
0.012523381809517993
0.0087363101290644
0.004319444524245664
-0.0003671948260231002
-0.004930142411871463
-0.00897969779187236
-0.012167974034462344
-0.01422255159175767
-0.014971662251659879
-0.014358460051322111
-0.012444013968139567
-0.009400161068143717
-0.005494187038165473
-0.0010673804659370595
0.003490866199593419
0.007772322160303657
0.01138178426596729