-0.07601118214329507
-0.07623123408593668
-0.07645175190333194
-0.0766727285656965
-0.07689420647307434
-0.07711612299251926
-0.07733851219978713
-0.07756136867407341
-0.07778468807718548
-0.07800848918369893
-0.07823275959541717
-0.07845747003902785
-0.07868267670227627
-0.07890832254661932
-0.07913444673608983
-0.07936103960090013
-0.07958809597804802
-0.07981559491968908
-0.08004358186285446
-0.0802720088525033
-0.08050089079400459
-0.0807302554331518
-0.08096008334350688
-0.08119035510830744
-0.08142108935030049
-0.08165227888237997
-0.08188392783431486
-0.08211603952517386
-0.0823486059776618
-0.08258163440278857
-0.0828150959686837
-0.08304903591116052
-0.08328341320712906
-0.0835182222606956
-0.08375350927186118
-0.08398924022213042
-0.08422543536581308
-0.08446206286387994
-0.08469913520391259
-0.0849366683160518
-0.08517463427806879
-0.08541304572865292
-0.08565189971390469
-0.085891209475695
-0.08613094932618075
-0.08637113426508718
-0.08661174732482664
-0.08685281899516674
-0.08709431850018783
-0.08733625020582453
-0.0875786301908079
-0.08782145090019741
-0.08806466641645819
-0.08830832536015555
-0.08855242169117437
-0.08879695902841075
-0.08904190042663417
-0.08928729261863604
-0.08953309077207702
-0.08977932914632837
-0.09002598868904267
-0.09027305073372416
-0.0905205333877022
-0.09076845655584742
-0.09101677946713288
-0.09126552652642812
-0.09151467468613317
-0.09176424926080265
-0.09201421885323106
-0.09226460270505486
-0.09251539520103969
-0.0927665932361191
-0.09301820106702108
-0.09327019582705245
-0.09352261296013298
-0.09377541549872011
-0.09402860508907322
-0.09428220464255473
-0.09453618911421621
-0.09479057490670695
-0.0950453292101232
-0.09530048696415151
-0.09555601454828162
-0.09581195068544744
-0.09606825773270326
-0.09632494014816011
-0.09658200395928805
-0.09683943420032985
-0.09709725642375729
-0.09735542780045764
-0.0976139888340617
-0.0978729047772523
-0.09813218642885008
-0.0983918324670161
-0.09865185120831933
-0.09891221286213679
-0.09917292380751626
-0.09943399660091651
-0.09969540828529141
-0.09995716865324562
-0.10021928780759669
-0.10048176343594636
-0.10074452798775137
-0.10100768971617727
-0.10127114945796183
-0.10153495638960595
-0.10179908815798552
-0.10206354849849332
-0.10232834368602008
-0.1025934431083401
-0.10285886634084798
-0.10312459739180305
-0.10339065909054687
-0.10365700621932278
-0.10392369648866061
-0.10419067472550199
-0.10445794104389995
-0.10472552229793844
-0.10499338989655144
-0.10526155607490792
-0.10553000274581979
-0.10579873909443908
-0.10606775645118943
-0.10633705018794352
-0.10660663080062584
-0.10687646425107565
-0.10714658746794212
-0.10741695510777094
-0.10768759690359142
-0.10795849127252227
-0.10822965123647439
-0.1085010534847846
-0.10877270437387807
-0.1090445959018046
-0.10931673143901065
-0.10958908636637892
-0.10986169653020342
-0.1101345269323939
-0.1104075876753152
-0.11068085780716082
-0.11095435425971284
-0.11122807422755183
-0.11150196403128819
-0.1117760802262467
-0.11205040112765127
-0.11232492346339233
-0.11259962781076104
-0.11287451917408588
-0.113149600983888
-0.113424848517603
-0.11370027451872296
-0.11397587376427057
-0.11425164041562076
-0.11452754786700296
-0.11480363229616203
-0.11507986450093156
-0.1153562633333414
-0.11563275422374182
-0.11590941025593134
-0.11618619504743066
-0.11646309766456872
-0.11674013988804666
-0.11701728835485911
-0.11729456600579403
-0.11757192414992472
-0.11784938604025452
-0.11812694576374812
-0.11840461472309326
-0.11868235836464051
-0.11896017692198577
-0.11923807545657876
-0.1195160363205646
-0.11979405973856783
-0.12007215246680823
-0.12035028899012486
-0.12062846781494342
-0.12090668833519058
-0.12118494948596724
-0.1214632385358447
-0.12174154089700545
-0.1220198758119713
-0.12229820648409574
-0.12257654580746745
-0.12285487305837338
-0.12313322125399088
-0.12341153346361024
-0.12368982376654838
-0.12396808139160222
-0.12424631644650204
-0.12452451018706134
-0.12480265673045127
-0.12508073683295634
-0.12535876738705015
-0.12563672956413927
-0.12591461407298948
-0.1261924191997784
-0.1264701340233498
-0.12674775253709586
-0.1270252735775155
-0.1273026686843077
-0.12757995954726672
-0.12785712202592336
-0.1281341520709573
-0.1284110433057662
-0.12868778313216503
-0.1289643742740259
-0.12924079710632055
-0.1295170501512447
-0.12979312707182789
-0.13006899692000545
-0.13034470203816031
-0.13062020247372697
-0.1308954709235894
-0.13117052884241806
-0.13144536559937303
-0.13171997516144904
-0.13199431866076705
-0.13226841588787006
-0.13254224148735236
-0.13281580413222488
-0.1330890969231731
-0.13336209531767915
-0.13363478869290418
-0.13390719917245072
-0.13417926966182445
-0.13445104034682856
-0.1347224519965467
-0.13499352797163755
-0.1352642549680285
-0.1355346114779776
-0.1358046211761309
-0.1360742256053985
-0.13634345061706754
-0.13661225950442635
-0.13688067753677066
-0.1371486725464542
-0.13741622844869814
-0.1376833510723048
-0.13795001723340355
-0.13821621970531797
-0.1384819449678501
-0.13874719632079519
-0.1390119491489547
-0.13927620041353078
-0.1395399454528167
-0.13980315446985916
-0.14006584341751702
-0.14032794591788386
-0.14058952023498097
-0.14085050457099643
-0.14111093520701043
-0.14137076523895026
-0.1416299857275082
-0.14188857000768654
-0.14214654425355552
-0.1424038716147594
-0.14266054802534908
-0.14291656761112512
-0.14317191998051593
-0.14342655560174297
-0.1436805171907771
-0.1439337377555349
-0.14418624650257245
-0.14443801547611
-0.14468902791006244
-0.1449392953144519
-0.14518876371840286
-0.14543744698344863
-0.14568532968493134
-0.14593239319494403
-0.1461786257566412
-0.14642402104530938
-0.1466685486936983
-0.14691220752702194
-0.14715497966391508
-0.14739686856125697
-0.14763781801994075
-0.14787785402229653
-0.14811694162781217
-0.14835507554642707
-0.14859222877027978
-0.1488284145911113
-0.1490635897774534
-0.149297753291154
-0.1495308927606397
-0.1497629668365197
-0.14999399400317862
-0.15022393560428915
-0.15045280802974006
-0.1506805489230322
-0.15090717397249934
-0.15113266556483634
-0.1513569876338012
-0.15158015380293796
-0.1518021263373974
-0.15202289826286955
-0.15224244486992952
-0.15246075560433306
-0.15267781796242613
-0.15289360671459182
-0.15310810943822298
-0.15332129541914505
-0.1535331714885293
-0.1537437056225621
-0.15395288221161843
-0.15416068137727684
-0.15436709062211568
-0.154572108302941
-0.1547756562685737
-0.15497779081971796
-0.15517844849412293
-0.155377622290617
-0.15557530227990507
-0.1557714508028114
-0.1559660565297361
-0.15615911196677482
-0.15635059179413127
-0.15654046442315903
-0.1567287218045661
-0.15691534612781635
-0.15710030672785702
-0.15728358933617323
-0.15746519067235107
-0.15764506337760867
-0.15782321860755005
-0.15799958751592044
-0.1581741907373412
-0.15834698272754372
-0.15851797839820672
-0.15868711574490796
-0.15885439046830774
-0.15901978832317992
-0.15918328570734533
-0.15934484002190233
-0.15950444558899188
-0.15966208715971827
-0.1598177355266453
-0.15997136178226906
-0.16012294814003053
-0.1602724733065792
-0.16041992082293474
-0.16056526019431364
-0.1607084661177806
-0.16084951374538545
-0.1609883866186138
-0.16112505768184157
-0.16125950263484165
-0.16139171669621669
-0.16152162436038833
-0.16164924747458317
-0.16177454732613117
-0.16189750399283853
-0.16201808224815573
-0.16213626694427266
-0.16225202453367646
-0.16236534078173503
-0.16247617681113838
-0.1625845089750366
-0.16269033132040464
-0.1627935924907147
-0.1628942737330002
-0.1629923517707595
-0.16308779440254523
-0.1631805791691951
-0.16327067897141836
-0.16335807350911527
-0.1634427201611729
-0.16352459906686595
-0.16360368685076643
-0.16367994755107723
-0.16375335390654785
-0.1638238808739968
-0.16389150952775597
-0.16395618765480216
-0.1640179011833592
-0.16407661871438917
-0.1641323137406214
-0.16418494901903233
-0.16423450445745247
-0.16428094833031193
-0.1643242448695563
-0.16436435636755642
-0.16440127268422336
-0.1644349478026711
-0.16446535417364827
-0.16449246989855426
-0.16451624378224605
-0.16453666896973798
-0.16455369167303724
-0.1645672940226317
-0.16457743079888917
-0.1645840895661122
-0.1645872222013528
-0.16458679635870038
-0.16458278237126123
-0.1645751496374828
-0.16456385851896732
-0.16454887974626628
-0.16453018050510496
-0.1645077225993463
-0.16448147096669727
-0.16445139894038271
-0.164417466710532
-0.16437964048909617
-0.16433787978563566
-0.16429215416110146
-0.16424243108815922
-0.16418866772580346
-0.16413083084665078
-0.16406888244810308
-0.16400279493867193
-0.16393251744836962
-0.1638580260908776
-0.163779279714729
-0.1636962385788125
-0.16360886115871454
-0.16351711649379547
-0.16342096767780756
-0.16332037018835555
-0.1632152864031548
-0.16310568414132026
-0.16299151928254957
-0.16287275253207928
-0.16274934883885556
-0.16262125880550596
-0.16248844946696384
-0.16235088637954126
-0.16220851903501773
-0.16206131140236785
-0.16190922163501673
-0.16175221044719626
-0.16159023516049428
-0.16142325354268025
-0.16125122350234078
-0.16107410777936876
-0.1608918621810633
-0.16070444449313917
-0.16051180277770796
-0.1603139050076469
-0.16011070950867165
-0.1599021601148397
-0.15968822885990633
-0.15946886418140221
-0.1592440173665674
-0.15901365510247004
-0.15877772501282447
-0.15853618638005393
-0.1582889897310227
-0.1580360957281457
-0.15777744997556017
-0.15751301810078921
-0.15724274520033993
-0.15696658921658938
-0.1566845017071999
-0.15639644342459083
-0.1561023518336846
-0.1558021986297582
-0.15549592667066128
-0.1551834827500586
-0.15486482949489688
-0.1545399157093809
-0.1542086880134388
-0.1538711096748458
-0.15352712783092243
-0.15317668519014774
-0.152819733962385
-0.15245622886223775
-0.15208612825363138
-0.15170936569991209
-0.15132591104730223
-0.15093568934990445
-0.15053867274163252
-0.15013480031582094
-0.14972401604956465
-0.14930628803215626
-0.14888154317079821
-0.14844973646284507
-0.14801082409117824
-0.1475647500148074
-0.1471114572938815
-0.14665089919869392
-0.1461830174768833
-0.1457077631191219
-0.1452250893708645
-0.14473492833387278
-0.14423722950642492
-0.14373196086188608
-0.14321904394358198
-0.1426984347284348
-0.1421700789588911
-0.14163391890192317
-0.1410899021453359
-0.1405379643564531
-0.13997808421332816
-0.1394101635959194
-0.13883417045786423
-0.13825005076772406
-0.13765773960638558
-0.13705718973548547
-0.1364483339081808
-0.13583112724063362
-0.13520551285631602
-0.1345714280706029
-0.13392881831741887
-0.13327763021287423
-0.13261780926965866
-0.1319492876040542
-0.13127201957365167
-0.13058594221049658
-0.129891000179153
-0.12918713425807576
-0.12847429468759505
-0.12775241558490757
-0.12702144350395972
-0.12628131370541817
-0.12553197601216362
-0.12477337461176455
-0.1240054476801436
-0.12322813589320422
-0.12244138136368712
-0.12164512562794365
-0.12083931666069882
-0.12002389035788452
-0.11919878927284294
-0.11836395851150817
-0.11751933716184361
-0.11666486971932774
-0.11580049261011936
-0.11492614983164777
-0.11404178431773257
-0.11314734328039835
-0.11224275911587993
-0.11132798205067497
-0.11040294690203535
-0.10946759936778891
-0.1085218815044833
-0.107565739680008
-0.10659910837418346
-0.10562193389521034
-0.1046341609487223
-0.10363573266137632
-0.10262659045520803
-0.10160667817355201
-0.10057593175643278
-0.09953430914657285
-0.09848174395825728
-0.09741817577905715
-0.09634355626540944
-0.09525783786808084
-0.09416095364054831
-0.09305285086907168
-0.09193346956870378
-0.09080276805579529
-0.08966069225468244
-0.08850717345364417
-0.08734216493491924
-0.08616562638755736
-0.08497748754680554
-0.08377770420403312
-0.08256622670004263
-0.0813429971498399
-0.0801079767701099
-0.07886110945470236
-0.0776023377335076
-0.07633162420212261
-0.07504891260207054
-0.07375416856798479
-0.07244732306826494
-0.07112834896936067
-0.06979719490402407
-0.06845380735245041
-0.06709816095490533
-0.06573019654029202
-0.06434987315581274
-0.06295715177527844
-0.06155199384936279
-0.06013435928055012
-0.058704206916067536
-0.05726150142150693
-0.055806193330456354
-0.05433827097577499
-0.0528576829440023
-0.0513643983216251
-0.04985838441453424
-0.04833960573119219
-0.04680805736750793
-0.045263668740403655
-0.04370644672549646
-0.042136352502220455
-0.04055336134325138
-0.03895746246600823
-0.037348613112786255
-0.03572681206383515
-0.03409202253883191
-0.03244425310339672
-0.03078347312215267
-0.029109672081664435
-0.0274228433761606
-0.025722975614552366
-0.024010059544255592
-0.022284093053021443
-0.020545079252077048
-0.018793012382842554
-0.01702788616095149
-0.015249721704935474
-0.013458517006969274
-0.011654279198627302
-0.009837019821172445
-0.00800677302021481
-0.006163537140601852
-0.004307335021465643
-0.002438188182288633
-0.0005561328661688842
0.0013388109852749434
0.0032466034506582874
0.005167215855124525
0.007100600989861495
0.009046718938212583
0.01100551640664418
0.012976951009963033
0.014960963063641267
0.016957497548123052
0.01896648649307271
0.020987863725706962
0.023021558206424497
0.02506749647066226
0.027125588966572668
0.02919575727277345
0.031277908196012456
0.03337194514764817
0.035477765938923544
0.03759526347082423
0.03972432453941331
0.04186482849851698
0.044016659309194246
0.04617967526197212
0.048353744243782484
0.05053872069192395
0.052734453988174494
0.05494078649068628
0.05715754945899975
0.05938457790653927
0.06162168231998538
0.06386868221500946
0.06612537374885531
0.06839156025468389
0.07066701504588738
0.07295152813358326
0.07524486110697375
0.07754677031493327
0.07985701156640895
0.08217531101376663
0.08450141121672304
0.0868350106375292
0.08917583187461735
0.09152355703380864
0.09387787367933727
0.09623845379543859
0.09860494988187458
0.10097700873949779
0.10335425496568725
0.10573630380766143
0.10812277957854396
0.11051324319422744
0.1129072064314091
0.11530444087528421
0.1177042687567314
0.12010628746600578
0.12251000115626202
0.12491490240965342
0.12732045821735477
0.1297261203073778
0.1321313148466108
0.13453545882387125
0.13693794383249766
0.13933813374982404
0.14173537728262092
0.14412899793587197
0.14651829523598947
0.14890254985117718
0.1512810082723302
0.15365289230610926
0.15601740371458495
0.1583737142670379
0.16072096204731104
0.1630582643970642
0.1653846999826899
0.16769932102513932
0.17000115164036397
0.17228917008129688
0.17456233559979287
0.17681956285463873
0.1790597263477117
0.181281676328679
0.18348421604024823
0.18566611089519094
0.18782608445402119
0.18996281909615154
0.19207495311231393
0.19416108111186275
0.19621975275012607
0.19824946938840493
0.20024868471554977
0.2022157991540481
0.20414916741918254
0.2060470863783944
0.20790780668339096
0.20972951568951045
0.21151034501145574
0.21324836652193194
0.21494160676521082
0.21658801185505952
0.21818547522326928
0.21973182455110596
0.22122482148379258
0.2226621685447211
0.2240414848065354
0.22536033309199538
0.22661621348377015
0.22780652624025363
0.2289286214027169
0.2299797707356031
0.23095718195527862
0.2318579604836656
0.23267917103623273
0.2334177704661934
0.23407065902472543
0.23463465691852683
0.2351065074297728
0.23548288874829215
0.23576038139547487
0.2359355154027155
0.2360047442898277
0.23596444696272892
0.23581093944690903
0.2355404758714687
0.23514924791858194
0.23463339558577698
0.2339890011523939
0.2332121107336408
0.23229872525029743
0.23124481930163202
0.23004634038579913
0.22869922183874855
0.22719940586155782
0.225542823797644
0.22372543849307047
0.22174324842171503
0.21959229924690224
0.2172687029142878
0.2147686579794916
0.21208846513049523
0.2092245550054095
0.20617350458985387
0.20293206579229545
0.19949717749708026
0.19586602993543703
0.19203604753476783
0.18800495956875168
0.18377080470161122
0.17933197517712698
0.17468725933528512
0.16983586882690746
0.1647774687332983
0.15951222546095165
0.15404086255115904
0.14836464048865897
0.14248548126402796
0.13640590496811453
0.1301291334159694
0.1236591088280278
0.11700050813912441
0.11015879400046985
0.10314020550201183
0.09595179942742217
0.08860148185496781
0.0810979607204571
0.07345081156564787
0.06567042429800365
0.057768027428018724
0.049755645975384746
0.04164608374644749
0.03345289744246917
0.02519033829537268
0.016873321171930994
0.008517348367289006
0.00013847621312846806
-0.008246797867985675
-0.016621562061803933
-0.02496862236416154
-0.033270532846621556
-0.04150973321937116
-0.0496686008964887
-0.0577295582399617
-0.06567516687867879
-0.07348820578967571
-0.08115175323645499
-0.08864929854303384
-0.09596477804544852
-0.10308267843542057
-0.10998809124158095
-0.11666677464704917
-0.12310520072911915
-0.12929062836003208
-0.1352110857516981
-0.140855455161223
-0.1462134676598144
-0.15127572582172208
-0.15603370286334764
-0.16047975747129184
-0.16460712263480876
-0.16840988753061206
-0.1718829891453556
-0.17502220418863096
-0.1778241017414211
-0.1802860268750911
-0.18240608613937
-0.18418308050899074
-0.18561650777082267
-0.1867065111221659
-0.18745384351782504
-0.18785984047706253
-0.18792637600757717
-0.18765583877923817
-0.1870510916560167
-0.18611544235197813
-0.18485261178911372
-0.18326670686266033
-0.18136219556582445
-0.17914387016697886
-0.17661683850886425
-0.1737864917922777
-0.17065848820757443
-0.16723873468808303
-0.16353337323271022
-0.15954876320782602
-0.15529147574535432
-0.15076827493173728
-0.1459861162029642
-0.14095213419759126
-0.13567365052010463
-0.13015816279039696
-0.12441333907164616
-0.1184470292296991
-0.11226725794918618
-0.10588224153472041
-0.09930038570202396
-0.09253029328326755
-0.08558077385982431
-0.07846086084292107
-0.07117981879945111
-0.06374716002843617
-0.056172662239735695
-0.04846638097338734
-0.040638680084991476
-0.03270024857095936
-0.02466211508477505
-0.016535694929623042
-0.008332793282321914
-0.00006565267303893791
0.008253018938059716
0.01661001810359373
0.02499160746894248
0.033383476428180195
0.04177069624065447
0.050137685907256285
0.05846816078939915
0.06674507985089033
0.07495060404487847
0.08306604083662221
0.0910717881238813
0.09894727967613887
0.1066709292581271
0.1142200697168057
0.12157090421018096
0.12869843491765512
0.13557642265920228
0.14217733027081492
0.14847227875437044
0.15443100613053612
0.16002185023264448
0.16521172578159243
0.16996613841434224
0.17424920615942602
0.17802371566900588
0.18125122822458828
0.18389220420596442
0.18590618559873306
0.18725206106183584
0.18788838019155707
0.1877737588038197
0.18686738614747445
0.18512965233452236
0.18252283891358967
0.17901203259473666
0.17456607644296396
0.16915871478710415
0.16276983917428892
0.15538684773290531
0.14700608116429667
0.13763428861892762
0.12729008580425719
0.11600527218991948
0.1038260111849339
0.09081368998506807
0.07704539288898392
0.06261390202969158
0.04762713297842475
0.03220694740226915
0.016487354194712117
0.0006121211934938574
-0.01526812443986872
-0.030999161925943274
-0.046426652293985016
-0.06139962793442641
-0.07577381293982331
-0.08941461908306413
-0.10219964591639862
-0.11402060911045939
-0.12478465912200357
-0.13441508303217617
-0.1428514302896735
-0.1500491452452567
-0.15597878811685228
-0.16062496796321535
-0.16398505951543285
-0.16606780082411368
-0.16689188602238592
-0.16648455396457418
-0.16488027253396817
-0.1621195266032286
-0.15824773222225752
-0.15331429640889646
-0.14737181059810806
-0.1404753905692192
-0.13268214244964605
-0.12405075052493118
-0.11464117768157527
-0.10451446513321903
-0.09373262148469536
-0.08235859145676735
-0.07045629661364383
-0.05809073907795966
-0.045328157991553625
-0.03223624851716362
-0.018884419951013646
-0.005344088776827134
0.008310973000961399
0.02200425469189779
0.035656113144680604
0.0491833276264386
0.06249864610742486
0.07551031610431073
0.08812162483724685
0.10023043702706295
0.11172880499603824
0.12250262183785868
0.13243142292640084
0.14138833840264659
0.14924032681465793
0.15584874433819365
0.1610703993750355
0.1647592328915672
0.16676879541763664
0.16695571953675095
0.16518436863222943
0.16133284420106803
0.15530044846162638
0.14701654577579482
0.13645062288298312
0.12362298555451215
0.10861524150539897
0.09157929012357288
0.07274332472348946
0.05241320359801934
0.030967843002753515
0.008847890950040046
-0.013462027668018687
-0.03545608901361478
-0.056632644657983115
-0.07651922015906903
-0.0946942361997648
-0.1108032805573119
-0.12456876896880936
-0.1357930387992898
-0.14435578084502035
-0.15020728845363412
-0.1533591414035698
-0.1538737985430585
-0.151854271345587
-0.14743465696699107
-0.14077197967369817
-0.1320395427373154
-0.12142177666512816
-0.10911047131514345
-0.09530223148407996
-0.08019696370071873
-0.06399721840922788
-0.04690823234076522
-0.029138536039598813
-0.010901001683329324