0.772437398781217
0.7726722243467519
0.7729078988500759
0.7731444574038558
0.7733818803690307
0.7736201958278212
0.7738593925605702
0.774099469520973
0.774340448895276
0.7745823022033067
0.7748250599707903
0.7750687178187815
0.7753132845491866
0.7755587492346758
0.7758051295236653
0.776052434612578
0.7763006415224041
0.7765497721656522
0.7767998359780565
0.77705081072855
0.7773027353620554
0.7775555873291888
0.7778093818409005
0.7780641052034225
0.7783198014357551
0.7785764238032798
0.7788340137064033
0.7790925543385864
0.7793520651505199
0.7796125287108585
0.7798739604788573
0.780136369665711
0.7803997562000343
0.7806641255214267
0.7809294830923582
0.781195791233722
0.7814631413538331
0.7817314519350409
0.7820007750482763
0.7822711047615639
0.7825424490312466
0.782814779898447
0.7830881303430159
0.7833625085706034
0.7836379074716615
0.7839143108302095
0.7841917741078523
0.784470271539511
0.784749799719255
0.7850303738454324
0.7853119824686726
0.7855946504828314
0.7858783708713621
0.7861631457679401
0.7864489987778284
0.7867359003883501
0.7870238750406005
0.7873129312911288
0.7876030682266525
0.787894288640517
0.7881865988100577
0.7884799908447879
0.7887744975933348
0.7890700775595046
0.7893667821031388
0.7896645893535381
0.7899635117314627
0.790263550858146
0.7905647087599628
0.7908670000321539
0.7911704173065688
0.7914749680428851
0.7917806561204715
0.7920874946406207
0.792395483965061
0.7927046333308444
0.7930149161030687
0.7933263777608487
0.7936389974890369
0.7939528005947764
0.7942677673744749
0.7945839138264412
0.7949012436244884
0.7952197690529612
0.7955394878733882
0.795860403493282
0.7961825185022315
0.7965058419835522
0.7968303689024954
0.7971561443705445
0.7974831182356066
0.7978113160827962
0.798140737840696
0.7984714246394772
0.7988033630313784
0.7991364967093185
0.7994709067253923
0.799806568225834
0.8001434913418809
0.8004816838061157
0.8008211370660119
0.801161879812913
0.8015038656158888
0.8018471904072045
0.8021917821303531
0.8025376543653372
0.8028848390195202
0.8032333269664228
0.8035831107638702
0.8039342231526099
0.8042866688418251
0.8046404383403456
0.8049955128458435
0.8053519300171407
0.805709695965194
0.8060688110266535
0.8064292753621374
0.8067910880990627
0.807154252913625
0.8075188094664829
0.8078847185748507
0.8082520194337349
0.8086207005247251
0.8089907562090751
0.809362220025361
0.809735074630051
0.8101093418801447
0.8104850054617679
0.8108620724780855
0.811240614181896
0.8116205299973249
0.8120018822755625
0.8123846849739913
0.8127689170656305
0.8131546233554211
0.8135417430026017
0.8139303762106107
0.8143204364992008
0.8147119781989786
0.8151049859913396
0.8154994862078645
0.8158954588764782
0.8162929332903308
0.816691917535858
0.817092398232694
0.8174943848983928
0.8178979000671436
0.8183029218907402
0.8187094807778298
0.8191175651575346
0.8195272029270523
0.8199383754011641
0.8203511041657171
0.8207653877570366
0.8211812315593221
0.821598651237164
0.822017643475184
0.8224382115759501
0.8228603716861331
0.8232841272062152
0.8237094787625208
0.8241364316576814
0.8245649965648105
0.824995192095776
0.825427007056967
0.825860447168304
0.8262955316107107
0.8267322445798962
0.8271706185911485
0.8276106440703931
0.8280523252297506
0.8284956869166433
0.8289407057804173
0.8293874141017546
0.8298357987465834
0.8302859002844498
0.8307376761561271
0.8311911769653529
0.8316463777407044
0.8321033025587643
0.832561955857798
0.8330223300604023
0.8334844475087936
0.8339483027486267
0.8344139263324586
0.8348813036887558
0.8353504360427935
0.8358213423695027
0.8362940364379218
0.8367685008099944
0.8372447552588942
0.8377228058201017
0.8382026754768593
0.83868435667586
0.8391678494316335
0.8396531650854309
0.8401403127652092
0.8406292992607179
0.8411201329331566
0.8416128047635877
0.8421073638555212
0.8426037659720347
0.8431020586230015
0.8436022084332438
0.8441042481102162
0.8446082136244546
0.8451140378548867
0.8456217865953255
0.8461314383294225
0.846643035854018
0.8471565532239398
0.8476719979915757
0.8481893861789754
0.8487087326830747
0.8492300260223357
0.8497532805624622
0.8502785192462836
0.8508057272419344
0.8513349229297079
0.851866116139658
0.8523993048141006
0.852934495486936
0.8534717137995929
0.854010944043073
0.8545522120028498
0.8550955043339067
0.8556408467751404
0.8561882494702716
0.8567376828221406
0.8572892027232227
0.8578427920520095
0.8583984572989232
0.8589562227171736
0.8595160702312806
0.8600780212704704
0.8606420966708127
0.861208274786737
0.8617765925943315
0.8623470236101467
0.8629196075973515
0.8634943315826109
0.8640712153622434
0.8646502572182713
0.8652314699853643
0.8658148573359828
0.8664004418050433
0.8669882035101347
0.8675781912640989
0.8681703671067242
0.8687647713082169
0.8693613846016024
0.8699602393920824
0.8705613110207784
0.8711646510647864
0.8717702562744218
0.8723780898674562
0.8729882131977003
0.8736006003034943
0.8742152887884062
0.8748322494388189
0.8754515190804617
0.8760731019653653
0.8766970027577629
0.8773232146147693
0.8779517700937913
0.8785826552713686
0.8792158869298268
0.8798514743534298
0.8804894253820184
0.8811297376201956
0.8817724365074174
0.8824175070847858
0.883064989185553
0.8837148580169102
0.8843671380465403
0.8850218464999193
0.885678960437707
0.8863385173217071
0.8870005023571387
0.8876649459303237
0.8883318256708624
0.889001190199825
0.8896730161043824
0.8903473208668204
0.891024101930042
0.8917033785598836
0.8923851588652062
0.8930694665116728
0.8937562627009972
0.8944455917532713
0.8951374539611157
0.8958318553243562
0.8965287902150093
0.8972283060314769
0.8979303664043836
0.8986350060114658
0.8993422116556418
0.9000520130142003
0.9007644060497151
0.9014793908544811
0.9021969912981144
0.9029172070915712
0.9036400325304278
0.9043655010903335
0.9050936064370457
0.9058243369435789
0.9065577418152718
0.9072938028628852
0.9080325318158762
0.9087739332841371
0.9095180162289348
0.9102647894376555
0.9110142542028941
0.9117664173076735
0.9125213033377375
0.913278904794641
0.9140392249916076
0.9148022834746492
0.9155680838095338
0.9163366205854754
0.9171079162382978
0.9178819748328573
0.9186587941282082
0.9194383881527841
0.9202207664132742
0.9210059216159776
0.9217938833298475
0.9225846438944546
0.9233782114541575
0.9241745978985825
0.9249737872773782
0.9257758263629537
0.926580688084161
0.9273883842606374
0.9281989403935978
0.9290123381235486
0.9298286022027354
0.9306477233498501
0.9314697217309257
0.9322945934404716
0.9331223492690159
0.9339529946076969
0.9347865446747363
0.9356229832439348
0.9364623298787882
0.9373045885335772
0.9381497557735219
0.9389978738353789
0.939848895227569
0.9407028569759955
0.9415597590292402
0.942419603806108
0.9432823873051076
0.9441481449026792
0.9450168480666237
0.9458885159581335
0.946763153412412
0.9476407649477292
0.9485213595465376
0.9494049313062494
0.9502914793938501
0.9511810404660445
0.9520735623838228
0.9529691076685645
0.953867660259408
0.9547691926097244
0.9556737463839291
0.95658131614507
0.9574918947692845
0.9584054969039943
0.9593221172901856
0.960241777054824
0.9611644444641478
0.9620901503957408
0.9630188921712479
0.9639506713891249
0.9648854760491029
0.9658233353797944
0.9667642349860941
0.9677081654164915
0.9686551536661827
0.9696051840803568
0.9705582587403482
0.9715143831954302
0.9724735601237877
0.9734357871356816
0.9744010669962844
0.9753693952287117
0.9763407754983118
0.9773152146423827
0.9782926936318659
0.9792732284602592
0.9802568075541788
0.9812434495668242
0.9822331329929345
0.983225865225515
0.9842216410029891
0.9852204726217468
0.9862223288621358
0.9872272342365755
0.9882351776282703
0.9892461524801398
0.9902601686325204
0.9912772037139611
0.9922972754996642
0.9933203608958641
0.9943464691457706
0.9953755922958002
0.996407726149302
0.9974428583129191
0.9984809999841258
0.9995221276345871
1.0005662562005346
1.00161336370034
1.0026634479326124
1.0037165043923133
1.004772524466979
1.0058314976223859
1.0068934261299127
1.0079582936810736
1.009026099747119
1.0100968242009989
1.011170467943399
1.0122470201026053
1.0133264694432582
1.0144088066403374
1.0154940204973062
1.0165821031722702
1.0176730397236675
1.0187668237295817
1.019863437883479
1.0209628734836478
1.0220651132636243
1.0231701559763573
1.0242779640188984
1.0253885557975362
1.02650189508496
1.0276179688423372
1.0287367648114907
1.0298582704089325
1.0309824665665148
1.0321093251304925
1.033238854143919
1.0343710147336174
1.0355057971892978
1.036643177818029
1.0377831460147922
1.0389256703033212
1.0400707381314298
1.0412183198635392
1.0423684070369224
1.043520971214471
1.044675986551211
1.0458334330168573
1.0469932877723402
1.0481555264707705
1.0493201130857335
1.0504870363875631
1.0516562620343988
1.0528277661433008
1.0540015280361186
1.0551774999867014
1.0563556667234988
1.0575360024467662
1.058718461883652
1.0599030213149279
1.0610896510565204
1.0622783015151627
1.0634689832836133
1.064661613530962
1.0658561816117555
1.0670526459022558
1.0682509655856536
1.0694511251718164
1.0706530442402453
1.0718567141737168
1.0730620974106666
1.074269124485899
1.0754777972954677
1.076688041013312
1.0778998208975936
1.0791130852269732
1.0803277979659756
1.0815439142037206
1.0827613813861445
1.0839801482845755
1.085200169821231
1.0864213928754325
1.087643773299401
1.0888672471739673
1.0900917702706372
1.0913172747709918
1.092543719176269
1.09377103672774
1.0949991819349572
1.0962280859196294
1.0974576884708478
1.0986879283189805
1.0999187393604544
1.101150072593037
1.1023818437197024
1.103614000672405
1.10484646335281
1.106079171354431
1.1073120507513363
1.1085450259506349
1.1097780394670356
1.1110110014282097
1.1122438377708979
1.1134764749999928
1.1147088301126824
1.1159408308754393
1.117172387645959
1.1184034212901481
1.1196338433608095
1.120863572692772
1.1220925156939623
1.1233205870898613
1.1245476937686623
1.1257737470641198
1.1269986486256685
1.1282222978839187
1.129444610104808
1.1306654718704636
1.1318847900598108
1.1331024597481003
1.1343183768489615
1.1355324348580393
1.1367445205517872
1.1379545290257047
1.1391623471730605
1.1403678598178184
1.1415709512428402
1.1427714972034293
1.1439693878842423
1.145164495151836
1.146356695978734
1.1475458623878747
1.1487318700070912
1.1499145831043434
1.1510938710900425
1.1522695992091174
1.1534416296208283
1.154609820139317
1.1557740342380227
1.1569341234773407
1.1580899448391075
1.1592413482225452
1.16038817956668
1.1615302916563037
1.162667514008062
1.1637997014609092
1.164926694067388
1.166048320830452
1.1671644125166274
1.1682748046979001
1.1693793306985156
1.1704778064103587
1.1715700608347803
1.1726559127635607
1.1737351748171627
1.1748076678460129
1.1758731989490296
1.1769315854855171
1.1779826179757684
1.179026112834646
1.1800618689613
1.181089673251046
1.182109327971598
1.1831206197977147
1.1841233343101243
1.1851172762194522
1.1861021815814687
1.1870778724068425
1.1880441104861204
1.1890006611622028
1.1899472825295245
1.1908837772345446
1.1918098707316391
1.192725326610537
1.1936299154734158
1.1945233638336865
1.1954054485416343
1.1962758907344178
1.197134430307899
1.1979808280293407
1.198814784348431
1.1996360565469821
1.2004443554988242
1.2012394041147032
1.2020209228768857
1.2027886402388832
1.2035422359930816
1.2042814489245164
1.205005960024068
1.2057154782318
1.2064096939289617
1.2070883037847984
1.2077509850959351
1.2083974288790544
1.2090273254773167
1.2096403246176501
1.210236117818166
1.2108143537917424
1.211374711631892
1.2119168485106036
1.2124404141601217
1.2129450552434293
1.2134304277917125
1.2138961595050397
1.2143419044067723
1.2147672880623122
1.2151719431720498
1.2155554821278856
1.215917543249041
1.2162577357727364
1.216575674071266
1.2168709671468305
1.2171432088540717
1.2173920128994697
1.2176169701599049
1.2178176666754579
1.2179936972993688
1.2181446443183246
1.218270080471353
1.218369586023928
1.2184427301468141
1.2184890785846703
1.2185081949728762
1.218499639582433
1.2184629645812246
1.2183977214220145
1.2183034573311917
1.218179719013971
1.2180260301159709
1.2178419454205849
1.2176269889913853
1.2173806879877838
1.217102569055821
1.2167921542608733
1.2164489564961696
1.2160725019175738
1.2156622861674424
1.215217834058913
1.214738641372526
1.2142242155311493
1.2136740605649237
1.2130876518911367
1.2124645161591243
1.211804125841797
1.2111059771910446
1.2103695632060303
1.209594369726925
1.2087798800303484
1.2079255748539406
1.2070309479768673
1.206095472270633
1.2051186355011916
1.2040999131488463
1.203038790405797
1.2019347453504934
1.2007872593074767
1.1995958207099324
1.198359896102838
1.1970787286460038
1.1957525710285568
1.1943801356644888
1.1929611698625615
1.1914951687203648
1.1899816257368505
1.1884200331744426
1.1868099056945116
1.1851507429124761
1.1834420600933138
1.18168336284289
1.179874192647778
1.178014069785901
1.176102526254059
1.174139116362066
1.1721233820374126
1.1700548897077265
1.1679332103370659
1.165757921596498
1.1635286175662765
1.16124489955634
1.1589063834585913
1.156512700885031
1.1540634889081411
1.1515584178279166
1.1489971525360263
1.1463793862963816
1.1437048273120622
1.140973207305201
1.1381842750452555
1.1353377994656209
1.1324335735256337
1.1294714124210226
1.1264511611930235
1.123372685048318
1.1202358810316786
1.1170406759732734
1.1137870198861977
1.1104749066459008
1.1071043617036533
1.1036754333571106
1.1001882286632358
1.0966428717006786
1.093039546887621
1.089378469602126
1.0856599062073766
1.081884169521094
1.0780516186090976
1.0741626700636273
1.0702177834712001
1.0662175040459307
1.062162392329028
1.0580531065977798
1.0538903491186187
1.0496749086122306
1.0454076283031413
1.0410894230938639
1.0367212988071244
1.032304331939382
1.0278396837276824
1.0233285911498808
1.0187724036203503
1.014172543723686
1.0095305442870086
1.0048480257475851
1.000126720380655
0.9953684786335839
0.990575239869718
0.9857490909966945
0.9808922101062875
0.9760069156844814
0.9710956541852084
0.966161004103636
0.9612056810582762
0.95623254338778
0.9512445960093633
0.9462449947511873
0.9412370492691503
0.9362242293517696
0.9312101673444737
0.9261986600234585
0.9211936787007609
0.916199366469352
0.9112200433699494
0.9062602082979578
0.9013245468315689
0.896417920348426
0.8915453959327252
0.886712206360213
0.8819237734925747
0.877185725925986
0.87250386147399
0.8678841755741105
0.863332826058605
0.8588561824195199
0.8544607556880363
0.850153243858716
0.8459404956369996
0.8418295237718566
0.8378274683781122
0.8339416131856977
0.8301793572247237
0.8265482039757549
0.8230557321442805
0.8197096112513758
0.816517541148797
0.8134872571693518
0.8106264956919407
0.8079429819383931
0.8054443816122975
0.803138286984992
0.8010321953300258
0.7991334578973083
0.7974492597752455
0.7959865871715612
0.7947521887121781
0.7937525472398597
0.7929938392706314
0.79248190802149
0.7922222198054699
0.7922198386917341
0.7924793969476908
0.7930050528729082
0.7938004742118097
0.794868813270926
0.7962126492006277
0.7978340339734014
0.7997343825597797
0.8019145497524377
0.804374749301033
0.8071145701025945
0.810132973075385
0.8134282666670481
0.8169981408675833
0.8208396337707469
0.8249491663819455
0.8293225227815574
0.8339548861891203
0.8388408420223232
0.8439743917928848
0.849348971669295
0.854957476030746
0.8607922696955786
0.8668452163396801
0.8731077031493079
0.8795706460447391
0.8862245445902841
0.8930594700191196
0.9000651105793688
0.9072307946104581
0.9145455044894844
0.9219978964514243
0.9295763473170132
0.9372689262156978
0.9450634646274951
0.9529475581403157
0.9609085746503107
0.9689336831419808
0.9770098677092542
0.9851239452166113
0.9932625796060598
1.0014122975871578
1.009559497041595
1.0176904760404117
1.025791434385225
1.0338484802779344
1.0418476573564739
1.0497749489110864
1.0576162948547665
1.0653576000126574
1.072984740091626
1.0804835906667987
1.0878400227146914
1.0950399278319074
1.102069216144574
1.108913853040074
1.1155598435122527
1.1219932735508484
1.1282003035517327
1.1341672071703444
1.1398803564366737
1.1453262758960294
1.1504916358450228
1.1553632743517908
1.159928227629476
1.1641737456986245
1.1680873162874246
1.1716566884041333
1.174869901820764
1.1777153110224292
1.1801816142871606
1.1822578909242014
1.183933624087007
1.1851987453412036
1.1860436626738258
1.186459313966037
1.1864371851440016
1.185969382136262
1.1850486552488348
1.1836684581599015
1.1818230054194674
1.1795073105576062
1.1767172721622057
1.1734497046146009
1.1697024327958248
1.1654743442634354
1.1607654713340354
1.155577065308275
1.1499116864348982
1.143773285940739
1.1371672971667766
1.1301007459203603
1.1225823395559498
1.114622584676419
1.1062339004734483
1.097430731709793
1.0882296880951818
1.0786496595805752
1.0687119645392618
1.058440466277256
1.0478617359066218
1.0370051859199423
1.025903202112888
1.0145912814115092
1.003108168657623
0.9914959571158547
0.979800206237789
0.9680699857129522
0.9563579567751649
0.9447203389301925
0.9332168856606068
0.921910756837385
0.9108683365349937
0.9001589533818322
0.889854502854309
0.8800289485360479
0.870757698630374
0.8621168508267077
0.8541822901180156
0.8470286821657438
0.8407282992610896
0.8353497928874165
0.8309568701744038
0.8276069532969997
0.8253498672073035
0.8242265971723665
0.8242681796785929
0.8254947845490154
0.8279150478112878
0.8315256419143736
0.8363111473673983
0.8422442131498806
0.8492859874383346
0.8573867827977316
0.866486939271602
0.8765178404707787
0.8874030225819796
0.8990593312825965
0.9113980782913551
0.9243261742869985
0.9377471768274332
0.9515622967693227
0.9656712554458302
0.9799731043440604
0.9943669013759188
1.0087523310538111
1.0230302231752082
1.0371030156375036
1.0508751425034402
1.064253388158826
1.0771471940335868
1.0894689443949945
1.1011342282767564
1.1120620900746372
1.12217529277997
1.1314005434181047
1.1396687780761472
1.1469154232341385
1.1530806803025822
1.1581098405386487
1.161953616006151
1.1645684858167091
1.165917101264824
1.1659686862063465
1.1646995032905703
1.1620933335096093
1.158142015849933
1.152846015869544
1.1462150468748242
1.1382687294158413
1.1290373278071746
1.118562486005781
1.1068980715810488
1.094111016501394
1.0802822123561437
1.0655074301704217
1.0498982305998006
1.0335828356135763
1.0167069176508843
0.9994342256646956
0.98194695168913
0.964445742661168
0.9471491430940696
0.9302923347497378
0.9141249480609864
0.8989077119346239
0.8849077678098614
0.872392515969666
0.8616219805552389
0.8528399104129765
0.8462639705790265
0.8420757173463433
0.8404111694017358
0.8413529227732324
0.844924680642664
0.8510887783407344
0.8597469989682635
0.870744474852275
0.883876138185803
0.8988949254910069
0.9155208590445939
0.9334502146584207
0.9523641401599141
0.9719363439029411
0.9918396283746911
1.0117512640682043
1.0313572951481724
1.0503559279315269
1.0684601838577072
1.0854000034853988
1.1009239794203978
1.1148008112916674
1.1268206689998965
1.1367964769344643
1.1445652551499237
1.1499895173560781
1.1529588122345593