0.8913139841613865
0.8915783735206377
0.8918437086913749
0.8921099701613283
0.8923771798510748
0.8926453280536185
0.8929144034638006
0.8931844328773041
0.893455405404672
0.8937273383701131
0.8940002226320489
0.8942740494352373
0.894548855848008
0.8948246059241305
0.8951013478660483
0.8953790434128406
0.8956577149541698
0.895937373124918
0.8962179977705441
0.896499602189301
0.8967822094300434
0.897065789552811
0.8973503735889191
0.8976359466452586
0.8979225019144266
0.8982100808120214
0.898498654841427
0.8987882428209386
0.8990788371581432
0.899370440709244
0.8996630703669085
0.8999567131810415
0.900251379281568
0.9005470790524802
0.9008437998544557
0.9011415647536317
0.9014403527972689
0.9017401973770434
0.9020410744017708
0.9023429949733706
0.9026459751803395
0.9029499925481367
0.9032550829713978
0.903561221649636
0.9038684125232391
0.9041766811737908
0.9044860316272143
0.9047964498272798
0.9051079270193506
0.9054204860428269
0.9057341415170619
0.9060488655440568
0.9063646771367243
0.9066816031882614
0.9069995962486513
0.9073187037178271
0.9076389086000357
0.9079602223508465
0.9082826434202695
0.9086061662320896
0.9089307939177573
0.909256565164945
0.90958345402667
0.9099114589615822
0.9102405926786974
0.9105708579186705
0.9109022559771632
0.9112347998656847
0.9115684700434411
0.9119032891244375
0.9122392606620379
0.9125763896375493
0.9129146591389444
0.9132540968102064
0.9135946794022878
0.9139364235388446
0.9142793682275804
0.9146234419269077
0.9149687169493845
0.9153151461822475
0.9156627669842301
0.9160115724969473
0.9163615638201689
0.916712744198608
0.9170651117450935
0.9174186860337683
0.9177734533086961
0.9181294258468299
0.9184866029218799
0.9188449836987905
0.9192045876380415
0.9195654123961661
0.9199274412775811
0.9202906940113155
0.9206551721607664
0.9210208819880755
0.9213878158752694
0.9217560006363957
0.9221254134696716
0.9224960669910574
0.9228679636919684
0.9232411009705918
0.923615508579571
0.9239911727752985
0.9243680772653574
0.924746237154446
0.9251256644618363
0.9255063624475013
0.9258883241462765
0.9262715663436653
0.9266560832365877
0.9270418655922579
0.9274289395485746
0.9278172981604402
0.928206942112204
0.9285978776823817
0.9289901071073324
0.9293836317387602
0.9297784503155233
0.9301745848203993
0.9305720209123706
0.9309707589892027
0.9313708137283576
0.9317721727402234
0.9321748627275638
0.932578865425227
0.9329841819184289
0.933390842352147
0.9337988254567519
0.934208136204203
0.9346187833483572
0.9350307656238999
0.9354440852828463
0.9358587485002601
0.9362747626970298
0.9366921226415705
0.9371108289221388
0.9375308851628181
0.9379523027261693
0.9383750832967183
0.9387992131672643
0.9392247086772946
0.9396515737780936
0.9400798215747255
0.9405094040917216
0.9409403944683189
0.9413727389165134
0.941806467414987
0.942241584734898
0.942678070865244
0.943115955435557
0.9435552161555972
0.9439958725605564
0.9444379244709524
0.9448813641623233
0.9453262006998475
0.9457724340201241
0.9462200719436225
0.9466691122913894
0.9471195572399346
0.9475714054823791
0.9480246701167374
0.9484793384226466
0.9489354227132786
0.949392914016282
0.9498518311293508
0.9503121559115977
0.9507739089197088
0.951237077172355
0.9517016742422261
0.9521676921726258
0.9526351366009757
0.9531040107436345
0.9535743058938739
0.9540460386857824
0.954519202250612
0.954993797763712
0.955469829915868
0.9559472972424254
0.9564262028441882
0.9569065387431606
0.9573883225969991
0.9578715365211297
0.9583562030124544
0.9588423118382025
0.9593298581807446
0.9598188474539375
0.9603092840509702
0.9608011687830121
0.9612944926667494
0.9617892675156124
0.962285486931917
0.9627831557830526
0.9632822721024387
0.9637828328084018
0.9642848445192229
0.9647883082075968
0.9652932113841827
0.9657995806672189
0.9663073752575043
0.9668166395671084
0.9673273425534881
0.9678394928607402
0.9683530942383934
0.968868145200148
0.9693846398899403
0.9699025795105414
0.9704219678033836
0.9709427989688503
0.9714650809512436
0.9719888030836481
0.972513970262289
0.9730405666525255
0.9735686181098787
0.9740981013304679
0.9746290259631284
0.9751613819020831
0.9756951796384574
0.9762304065629303
0.9767670677507972
0.9773051541614807
0.9778446760385976
0.978385619153057
0.9789279846438236
0.9794717790281707
0.9800169808877499
0.9805636139400756
0.9811116547535563
0.9816611073932245
0.9822119701193482
0.9827642321546338
0.983317904736385
0.9838729769436859
0.9844294507996091
0.9849873027261453
0.9855465638653652
0.986107199358243
0.9866692236507159
0.9872326076555533
0.987797385852021
0.9883635357924228
0.9889310480837398
0.9894999044095405
0.9900701495417162
0.9906417317190828
0.9912146682534516
0.9917889320887064
0.992364549891698
0.9929414938593575
0.9935197659614698
0.9940993510605808
0.9946802659320313
0.9952624842055814
0.9958460064049134
0.9964308304366963
0.9970169368064623
0.9976043261095133
0.9981929982328249
0.9987829445568871
0.9993741497828537
0.9999666149854998
1.0005603253614324
1.0011552822896412
1.0017514674392918
1.0023488838502885
1.002947506811631
1.0035473452591295
1.004148384381156
1.0047506117209895
1.0053540316299465
1.0059586069454278
1.006564360987056
1.007171255028781
1.0077793004323983
1.0083884766338926
1.0089987808572876
1.0096101959933386
1.0102227155354957
1.0108363204318773
1.011451007195106
1.0120667648528008
1.0126835810199228
1.0133014341412032
1.0139203237159558
1.014540233248036
1.0151611530819078
1.0157830600844941
1.0164059532298233
1.0170298100708783
1.0176546189382356
1.0182803716235238
1.018907042622568
1.0195346373301237
1.0201631163034635
1.0207924746738293
1.0214226971320686
1.022053776630729
1.0226856840298306
1.023318409560025
1.023951934028135
1.0245862300216821
1.0252213107554395
1.0258571317129515
1.0264936803033597
1.0271309334193028
1.0277688916366654
1.0284075161883552
1.0290467984380958
1.029686706271396
1.0303272382250823
1.0309683605061217
1.031610056095811
1.0322523033074624
1.0328950781023256
1.0335383652993058
1.0341821382786984
1.0348263721509432
1.0354710514151417
1.0361161408319461
1.0367616296570392
1.0374074852316069
1.0380536803357987
1.0387002033454664
1.0393470156146165
1.0399940943981203
1.040641414702101
1.041288949388
1.0419366712989622
1.0425845593251484
1.0432325701943217
1.0438806872750104
1.044528877744152
1.0451771071764866
1.045825356262461
1.0464735889607406
1.0471217714771575
1.04776987811469
1.0484178687530095
1.0490657154898586
1.0497133898988245
1.0503608580208823
1.0510080660199477
1.0516550108963283
1.0523016360804212
1.0529479084594289
1.0535937976687713
1.0542392657477544
1.0548842720842444
1.0555287802380269
1.0561727473820632
1.056816142849972
1.0574589189986034
1.0581010440447767
1.0587424744697855
1.059383153574061
1.0600230637903807
1.0606621459449244
1.061300363587904
1.0619376699830094
1.062574022940191
1.0632093661307087
1.0638436750090583
1.0644768894917316
1.0651089493833008
1.0657398262730857
1.0663694679673947
1.0669978266145086
1.0676248395673116
1.0682504701613196
1.0688746653810013
1.0694973545915232
1.0701185025813023
1.0707380578751224
1.071355956229072
1.0719721453538205
1.0725865715835385
1.0731991788555586
1.0738099041924418
1.074418682484158
1.075025475504011
1.075630206275901
1.0762328267786199
1.0768332520756874
1.0774314480345433
1.0780273279376424
1.0786208536532316
1.0792119358580863
1.0798005132099597
1.0803865321272337
1.0809699086761477
1.0815505851372815
1.0821284875655213
1.0827035444371547
1.0832756902283103
1.083844845574806
1.0844109398413475
1.0849739065787298
1.085533656402323
1.086090129894071
1.0866432354367441
1.0871929029396423
1.087739052556643
1.088281603943198
1.088820472464289
1.0893555786351445
1.08988684900355
1.090414181152126
1.090937510492485
1.091456738311032
1.0919717763064167
1.0924825447298068
1.092988945838984
1.0934908985651817
1.0939883086599063
1.0944810843166068
1.0949691268259119
1.0954523463017294
1.0959306538223692
1.0964039410838349
1.0968721128105638
1.097335074415185
1.0977927273814037
1.0982449634392288
1.0986916875402317
1.0991327941785038
1.099568176296077
1.0999977353354926
1.1004213560624287
1.1008389383407164
1.101250368627309
1.1016555343203205
1.1020543350253955
1.1024466470942078
1.1028323643720257
1.1032113609287013
1.1035835331163015
1.1039487633810323
1.1043069252569575
1.1046579024765129
1.1050015810995357
1.1053378350063834
1.1056665380850927
1.105987564819867
1.1063007988382876
1.1066061097447417
1.1069033612060146
1.1071924467809455
1.1074732167539334
1.1077455415613444
1.108009284846595
1.1082643379035588
1.1085105414159553
1.1087477714558607
1.108975881369717
1.1091947481387319
1.1094042225754595
1.1096041700734565
1.1097944334781418
1.1099748971273817
1.1101453994509338
1.1103058005336437
1.110455955969501
1.1105957136935758
1.1107249369994465
1.1108434669611802
1.1109511649646404
1.1110478656835994
1.111133425136359
1.1112076965401072
1.1112705319495015
1.1113217546563432
1.111361228781893
1.1113887884022322
1.1114042768438024
1.1114075551246154
1.1113984423421204
1.1113767861621269
1.1113424417500146
1.1112952245031493
1.1112349912856987
1.1111615723269144
1.1110748132844595
1.1109745451130393
1.110860606100049
1.1107328353891552
1.1105910667381158
1.1104351381566346
1.1102648844199654
1.110080140634677
1.1098807436643416
1.1096665276379147
1.109437328228434
1.1091929799058522
1.1089333182317511
1.1086581776847437
1.108367401808835
1.1080608120679198
1.1077382520759365
1.1073995642782122
1.1070445780866145
1.1066731306985134
1.1062850653307856
1.1058802198510094
1.1054584281972946
1.1050195410295363
1.1045633877543573
1.1040898297285386
1.103598695432148
1.103089838359859
1.1025631030876857
1.1020183330484528
1.101455383407076
1.100874114655816
1.1002743684482208
1.099656012595385
1.099018884708767
1.0983628627397843
1.0976878141813209
1.096993590743949
1.0962800695429116
1.0955471191218487
1.0947946179447745
1.094022438822604
1.093230463743264
1.0924185831969504
1.0915866799417573
1.090734653244298
1.0898623979745903
1.0889698086176567
1.0880567984178704
1.0871232810990477
1.0861691661769628
1.0851943782558224
1.0841988427446165
1.0831824944617552
1.0821452696266627
1.0810871145948275
1.0800079783690535
1.0789078234699425
1.077786608162539
1.0766443120866054
1.0754809084853152
1.07429639084931
1.0730907537983077
1.071864002021806
1.0706161378166263
1.0693472050925255
1.0680572198856142
1.0667462328028698
1.0654142808714178
1.0640614477641042
1.0626877965051593
1.0612934018474054
1.0598783722801042
1.0584428194119784
1.0569868448386313
1.055510600054684
1.0540142230917517
1.0524978762932256
1.0509617294482332
1.0494059803692495
1.047830821580518
1.046236478198034
1.044623184602488
1.0429911885218948
1.0413407524190832
1.0396721801137039
1.037985750535896
1.0362817941825708
1.0345606528636198
1.032822680059363
1.0310682533353153
1.0292977670866708
1.027511647116656
1.0257103287159415
1.0238942694083133
1.022063959021462
1.0202198987224047
1.0183626105734276
1.0164926560791099
1.0146106035722358
1.0127170615859762
1.0108126472224943
1.0088980154908211
1.006973847065637
1.005040840659636
1.0030997290096868
1.0011512609434
0.9991962338790662
0.9972354538233288
0.9952697597555126
0.9933000296488018
0.9913271590485359
0.9893520786982654
0.9873757470084038
0.9853991534685904
0.9834233174637044
0.981449287971342
0.9794781451818313
0.9775110028664092
0.9755490034176226
0.9735933134539647
0.9716451462520261
0.9697057259007441
0.9677763195781585
0.9658582261253568
0.9639527753399836
0.9620613146769008
0.9601852287158004
0.9583259248685334
0.9564848579480357
0.9546634947918141
0.9528633223128136
0.9510858769385588
0.9493326845602428
0.9476053369701389
0.9459054225434218
0.9442345427308015
0.9425943495286148
0.9409864989733345
0.9394126588601963
0.9378745226936538
0.9363737791788492
0.9349121585831799
0.9334913744722185
0.9321131611224367
0.9307792662440694
0.9294914180140308
0.9282513556509494
0.9270608328780755
0.9259215662023895
0.9248352912948691
0.923803714435499
0.9228285404341449
0.9219114491959399
0.9210541044482815
0.920258133767898
0.9195251587992579
0.9188567452044774
0.9182544338348834
0.9177197296718224
0.917254087845005
0.9168589079955488
0.916535559298618
0.9162853338423722
0.916109479690993
0.9160091584885827
0.915985497423058
0.9160395234990462
0.9161721837024736
0.9163843640074907
0.9166768512634967
0.9170503498145857
0.917505459743536
0.9180427058603321
0.9186624873724758
0.9193651102407199
0.9201507700018049
0.9210195530092463
0.9219714306665924
0.9230062510752846
0.9241237433431594
0.9253235211813817
0.926605055866819
0.927967711470364
0.9294106987566694
0.930933113385747
0.932533909343849
0.9342119039170866
0.9359657796536722
0.9377940882992085
0.9396952356062318
0.9416674866038008
0.9437089775328908
0.9458177022997069
0.9479915150720077
0.9502281337620955
0.9525251464008164
0.954879994520819
0.9572899986461
0.959752340785494
0.9622640761029312
0.9648221333270919
0.9674233150980066
0.9700643022053385
0.9727416607529915
0.9754518384525777
0.978191167649136
0.9809558817239507
0.9837421021011314
0.9865458579732796
0.9893630696921287
0.9921895843449096
0.9950211558873505
0.9978534432103918
1.0006820563729009
1.0035025163268434
1.006310285608909
1.009100771281155
1.0118693218194554
1.0146112504650258
1.0173218187507964
1.0199962658031723
1.0226298015233726
1.0252176194339553
1.0277549027562058
1.030236832804874
1.0326585943346074
1.0350153932082282
1.037302451687315
1.0395150196471483
1.0416484060404574
1.0436979409697453
1.0456590501527712
1.047527190948975
1.049297934289492
1.0509669212764468
1.0525299065455525
1.0539827508855963
1.0553214464411707
1.0565421090265996
1.0576410231286912
1.0586146217629753
1.0594595139129206
1.0601725017854795
1.0607505974667757
1.0611909895847331
1.061491151045692
1.0616487609033296
1.0616617763938339
1.0615284286256486
1.061247226805456
1.0608170027284387
1.06023689852659
1.0595063994037535
1.0586253514342392
1.057593960962672
1.0564128266640473
1.0550829518887936
1.0536057677587374
1.0519831331524636
1.050217348498101
1.0483112182845211
1.0462679870929164
1.0440914249164237
1.0417858051548325
1.0393559226171785
1.0368071079113508
1.0341452374873643
1.0313767396452658
1.0285086075271537
1.0255483889299073
1.0225042099269728
1.0193847632211441
1.0161992870265855
1.0129576144042582
1.0096700854564844
1.0063475945586398
1.0030015564183261
0.9996438617965309
0.9962868808129961
0.9929434001299138
0.9896266116122633
0.9863500539986998
0.9831275597014287
0.9799731962216309
0.9769012160222055
0.9739259740556956
0.971061855150304
0.9683231852533026
0.9657241643561494
0.9632787358126015
0.9610005134417839
0.9589026876181361
0.956997880079629
0.9552980597448045
0.9538144470059327
0.9525573632452324
0.9515361478454996
0.9507590482392689
0.9502331092981328
0.9499640798213068
0.9499563271673813
0.9502127383269243
0.9507346705793971
0.9515218787433584
0.9525724716234077
0.9538828658043399
0.9554477805162089
0.9572602293727338
0.9593115112288958
0.9615912571225775
0.9640874531793734
0.9667865000021139
0.9696732758870048
0.9727312111324266
0.9759423940750508
0.9792876527925235
0.9827466872796641
0.9862981680876303
0.9899198937377296
0.9935888961149127
0.9972816043204267
1.0009739897913505
1.0046416981445427
1.0082602204415796
1.0118050410355588
1.0152517997949766
1.0185764470473662
1.0217554044329529
1.0247657166634154
1.0275852332783728
1.0301927278638185
1.0325681058002203
1.0346925157713078
1.0365485307885653
1.0381202909170393
1.0393936745534988
1.040356413438319
1.0409982628207266
1.0413111368748005
1.0412892432628256
1.0409292127751715
1.0402302234132785
1.03919412152537
1.0378255116220902
1.0361318640807744
1.0341235739265462
1.0318140479128521
1.0292197206476699
1.0263600786415439
1.0232576647238272
1.0199380111691378
1.0164295893498008
1.0127636919953913
1.0089742658656142
1.0050977291216103
1.001172699811183
0.9972397025471327
0.9933408065836267
0.9895191996884464
0.9858187168524026
0.9822833131481896
0.9789564704244288
0.9758805801355301
0.973096275140117
0.9706417400579374
0.9685520197829769
0.9668583182270761
0.9655873274095231
0.9647606061385928
0.9643940060942432
0.9644971931058277
0.9650732508614074
0.9661184159415129
0.9676219152661039
0.9695659566509164
0.9719258408338556
0.9746702104031695
0.9777614349308866
0.9811561060568482
0.9848056447612914
0.9886570055743218
0.9926534568694506
0.9967354205284784
1.0008413520977228
1.004908679627194
1.0088747207151776
1.0126776272972333
1.0162573190166373
1.0195564016891234
1.0225210416507187
1.025101869510058
1.0272547415245188
1.0289415648342755
1.0301309989927454
1.0307991395612741
1.030930106313128
1.0305165966983245
1.0295603053962927
1.0280722904610775
1.0260732030320128
1.0235934047059358
1.020672921576246
1.017361245985386
1.0137169403884125
1.0098070380094726
1.0057062099911316
1.0014956817611087
0.9972618968152511
0.9930949112400708
0.9890865343626614
0.9853282384860755
0.9819088488564083
0.9789121365008572
0.9764142943973616
0.9744814725690368
0.9731674276109202
0.972511414111165
0.9725364328045601
0.9732479253788435
0.9746330051745009
0.9766602888984152
0.9792803326975986
0.9824266878393677
0.9860175343509819
0.9899577986473546
0.994141724201786
0.998455738503926
1.0027829860216109
1.006999475225317
1.0109914928532135
1.0146446834984093
1.01785423562398
1.0205263920797425
1.022581177821874
1.023954849287342
1.024602032380136
1.0244975234999518
1.023637681780516
1.0220413694045882
1.0197503932678376
1.0168293501821315
1.0133648409056426
1.0094639467312991
1.005251918103583
1.0008690187116653
0.9964665095951933
0.9922017850920234
0.988232760298811
0.9847116427983196
0.9817783645852293
0.979553966209891
0.978134336030166
0.9775847235561878
0.9779354724199223
0.9791792788528134
0.9812703271040777
0.9841253552539012
0.9876266738344955
0.9916269546508225
0.9959555068758051
1.00042565591502
1.0048428804769625
1.009013225183196
1.0127516929998879
1.0158902849506413
1.0182853974822403
1.0198243922707242
1.0204311221425508
1.0200702555529455
1.0187502014194971
1.0165244889007876
1.013491363052895
1.0097914426839147
1.0056032271841084
1.0011363143323275
0.9966223659556289
0.9923038330606635
0.9884209172125044
0.9851972742047068
0.9828254438530258
0.9814530546688621
0.9811711508842256
0.9820057975057613
0.983914006462134
0.98678456618691
0.9904438440226254
0.9946661821138529
0.999187972975055
1.0037243158293547
1.0079870035404352
1.0117026603964392
1.014629965702511
1.016575101768625
1.017404720636753
1.0170557987655953
1.0155418981133777
1.0129552818291194
1.0094644501674022
1.0053066272014504
1.0007749688791858
0.996200474281815
0.9919291105116476
0.9882953006875765
0.985593688262066
0.9840518321176193
0.9838069198845948
0.984889628850884
0.9872175262266693
0.9905993876187287
0.9947501890124426
0.9993152572454468
1.0039009233785166
1.0081085796289646
1.0115690405588909
1.0139744584005856
1.0151055369391462
1.014852256403896
1.0132266493400586
1.0103663891790544