0.01
0.01006931668851804
0.010139113857366794
0.010209394837076797
0.010280162981264735
0.010351421666793436
0.010423174293933041
0.01049542428652322
0.010568175092136586
0.010641430182243158
0.010715193052376065
0.010789467222298286
0.010864256236170655
0.010939563662720937
0.01101539309541415
0.01109174815262401
0.011168632477805612
0.011246049739669263
0.011324003632355572
0.011402497875611685
0.01148153621496883
0.011561122421920988
0.011641260294104915
0.011721953655481303
0.011803206356517298
0.011885022274370183
0.011967405313072436
0.012050359403717974
0.012133888504649774
0.012217996601648717
0.012302687708123818
0.01238796586530369
0.012473835142429432
0.012560299636948748
0.012647363474711517
0.012735030810166616
0.012823305826560218
0.012912192736135341
0.013001695780332907
0.01309181922999407
0.013182567385564075
0.013273944577297395
0.013365955165464419
0.013458603540559484
0.013551894123510363
0.013645831365889245
0.01374041975012515
0.01383566378971781
0.013931568029453036
0.014028137045619582
0.01412537544622754
0.014223287871228198
0.014321878992735432
0.014421153515248688
0.01452111617587742
0.014621771744567183
0.014723125024327186
0.014825180851459537
0.01492794409578996
0.015031419660900224
0.01513561248436208
0.015240527537972915
0.015346169827992941
0.01545254439538414
0.015559656316050743
0.015667510701081494
0.015776112696993486
0.01588546748597779
0.01599558028614669
0.016106456351782705
0.0162181009735893
0.016330519478943345
0.016443717232149314
0.016557699634695285
0.016672472125510627
0.016788040181225608
0.01690440931643264
0.01702158508394951
0.017139573075084253
0.01725837891990204
0.017378008287493755
0.017498466886246566
0.017619760464116292
0.017741894808901662
0.01786487574852051
0.017988709151287873
0.018113400926196024
0.018238957023196382
0.018365383433483463
0.01849268618978078
0.018620871366628676
0.018749945080674194
0.018879913490962935
0.019010782799232996
0.01914255925021086
0.019275249131909367
0.01940885877592778
0.019543394557753942
0.01967886289706845
0.01981527025805098
0.0199526231496888
0.020090928126087277
0.020230191786782717
0.02037042077705718
0.020511621788255656
0.02065380155810529
0.020796966871036958
0.020941124558508925
0.021086281499332896
0.02123244462000219
0.021379620895022326
0.021527817347243728
0.02167704104819695
0.021827299118430014
0.021978598727848252
0.022130947096056376
0.022284351492703042
0.022438819237827663
0.022594357702209782
0.022750974307720707
0.022908676527677724
0.02306747188720069
0.023227367963571076
0.02338837238659355
0.023550492838960088
0.023713737056616554
0.02387811282913178
0.024043628000069334
0.024210290467361777
0.024378108183687526
0.02454708915685031
0.024717241450161305
0.024888573182823902
0.025061092530321138
0.025234807724805755
0.02540972705549305
0.02558585886905645
0.025763211570025753
0.02594179362118815
0.026121613543992065
0.026302679918953815
0.02648500138606701
0.026668586645214792
0.026853444456585076
0.027039583641088435
0.027227013080779128
0.02741574171927882
0.027605778562203462
0.027797132677592883
0.02798981319634363
0.028183829312644536
0.028379190284415566
0.028575905433749466
0.028773984147356695
0.028973435877013228
0.029174270140011675
0.029376496519615308
0.029580124665515465
0.029785164294291896
0.029991625189876515
0.03019951720402016
0.0304088502567628
0.030619634336906773
0.030831879502493532
0.031045595881283555
0.03126079367123956
0.03147748314101316
0.0316956746304349
0.031915378551007616
0.03213660538640318
0.03235936569296283
0.03258367010020087
0.032809529311311904
0.03303695410368149
0.03326595532940045
0.03349654391578276
0.03372873086588689
0.03396252725904085
0.03419794425137089
0.03443499307633384
0.034673685045253165
0.034914031547858625
0.035156044052829814
0.03539973410834346
0.03564511334262443
0.03589219346450054
0.03614098626396133
0.036391503612720706
0.03664375746478333
0.036897759857015044
0.03715352290971726
0.03741105882720533
0.03767037989839089
0.03793149849736819
0.03819442708400464
0.03845917820453535
0.038725764492161724
0.03899419866765434
0.03926449353995997
0.03953666200681279
0.039810717055349734
0.04008667176273028
0.04036453929676048
0.040644332916521274
0.040926065973001094
0.04120975190973302
0.041495404263436286
0.041783036664662175
0.04207266283844442
0.04236429660495411
0.04265795188015926
0.042953642676488726
0.04325138310350088
0.04355118736855686
0.04385306977749856
0.044157044735331254
0.044463126746910886
0.04477133041763626
0.045081670454146
0.04539416166502032
0.04570881896148752
0.0460256573581356
0.046344691973628796
0.04666593803142887
0.04698941086052156
0.04731512589614805
0.04764309868054156
0.047973344863668915
0.04830588020397728
0.048640720569146166
0.04897788193684462
0.0493173803954936
0.04965923214503363
0.05000345349769786
0.05035006087879047
0.050699070827470445
0.05105049999754062
0.05140436515824259
0.051760683195056764
0.052119471110508055
0.05248074602497726
0.052844525177518024
0.053210825926679424
0.053579665751334174
0.05395106225151276
0.05432503314924331
0.05470159628939716
0.05508076964054035
0.055462571295791074
0.05584701947368306
0.05623413251903491
0.056623928903825345
0.05701642722807475
0.05741164622073274
0.05780960474057181
0.05821032177708716
0.05861381645140288
0.059020108017184415
0.05942921586155727
0.059841159506031985
0.06025595860743578
0.060673632958850525
0.061094202490557206
0.06151768727098683
0.06194410750767815
0.06237348354824192
0.0628058358813318
0.06324118513762197
0.06367955209079158
0.06412095765851615
0.06456542290346556
0.06501296903430909
0.0654636174067275
0.06591738952443213
0.0663743070401909
0.06683439175686148
0.06729766562843179
0.0677641507610675
0.06823386941416697
0.06870684400142321
0.06918309709189363
0.06966265141107687
0.07014552984199714
0.0706317554262962
0.07112135136533289
0.0716143410212902
0.07211074791828997
0.07261059574351547
0.07311390834834172
0.07362070974947361
0.07413102413009177
0.07464487584100665
0.07516228940182053
0.07568328950209743
0.07620790100254123
0.0767361489361819
0.07726805850957022
0.07780365510398041
0.0783429642766212
0.07888601176185545
0.07943282347242814
0.07998342550070285
0.08053784411990669
0.08109610578538408
0.08165823713585922
0.08222426499470713
0.08279421637123345
0.08336811846196344
0.08394599865193973
0.084527884516029
0.08511380382023767
0.08570378452303697
0.08629785477669702
0.0868960429286302
0.08749837752274364
0.08810488730080142
0.08871560120379608
0.08933054837332954
0.08994975815300356
0.09057326008982003
0.09120108393559097
0.0918332596483581
0.09246981739382225
0.09311078754678301
0.09375620069258803
0.09440608762859236
0.09506047936562814
0.09571940712948442
0.09638290236239705
0.09705099672454899
0.09772372209558107
0.09840111057611335
0.09908319448927676
0.09977000638225536
0.10046157902783952
0.10115794542598988
0.1018591388054117
0.10256519262514079
0.10327614057613975
0.10399201658290595
0.10471285480508996
0.10543868963912592
0.10616955571987247
0.10690548792226577
0.1076465213629835
0.10839269140212034
0.10914403364487565
0.10990058394325208
0.11066237839776664
0.11142945335917298
0.11220184543019636
0.11297959146727976
0.1137627285823431
0.11455129414455355
0.11534532578210924
0.11614486138403426
0.11694993910198712
0.11776059735208072
0.11857687481671603
0.1193988104464273
0.12022644346174131
0.12105981335504823
0.12189895989248667
0.12274392311584072
0.12359474334445107
0.1244514611771385
0.12531411749414162
0.12618275345906707
0.1270574105208542
0.12793813041575247
0.12882495516931342
0.12971792709839558
0.13061708881318418
0.13152248321922383
0.1324341535194665
0.1333521432163324
0.13427649611378642
0.13520725631942773
0.13614446824659504
0.13708817661648537
0.13803842646028852
0.13899526312133534
0.13995873225726185
0.14092887984218747
0.14190575216890927
0.1428893958511103
0.14387985782558452
0.14487718535447616
0.14588142602753482
0.1468926277643867
0.1479108388168207
0.14893610777109154
0.1499684835502373
0.15100801541641484
0.15205475297324955
0.15310874616820302
0.15417004529495593
0.15523870099580825
0.15631476426409538
0.15739828644662196
0.15848931924611134
0.15958791472367329
0.1606941253012877
0.16180800376430662
0.16292960326397224
0.16405897731995395
0.1651961798229015
0.166341265037017
0.16749428760264373
0.16865530253887415
0.16982436524617442
0.1710015315090288
0.1721868574986007
0.17338039977541383
0.17458221529205037
0.17579236139586932
0.17701089583174212
0.17823787674480898
0.17947336268325265
0.18071741260109275
0.18197008586099836
0.1832314422371212
0.18450154191794738
0.1857804455091699
0.18706821403658005
0.18836490894898011
0.18967059212111465
0.19098532585662378
0.19230917289101584
0.19364219639466068
0.19498445997580455
0.19633602768360464
0.19769696401118608
0.19906733389871864
0.20044720273651614
0.20183663636815607
0.20323570109362218
0.20464446367246739
0.20606299132700007
0.20749135174549097
0.20892961308540398
0.21037784397664752
0.2118361135248502
0.21330449131465762
0.21478304741305343
0.21627185237270202
0.2177709772353159
0.21928049353504486
0.22080047330189004
0.2223309890651403
0.223872113856834
0.22542392121524293
0.22698648518838224
0.228559880337543
0.23014418174085088
0.23173946499684786
0.23334580622810033
0.23496328208483072
0.23659196974857588
0.23823194693586902
0.2398832919019491
0.24154608344449405
0.2432204009073816
0.24490632418447456
0.246603933723434
0.24831331052955705
0.2500345361696432
0.25176769277588557
0.2535128630497908
0.2552701302661247
0.25703957827688634
0.2588212915153092
0.2606153549998895
0.26242185433844417
0.2642408757321946
0.26607250597988097
0.2679168324819031
0.26977394324449205
0.2716439268839082
0.27352687263067127
0.2754228703338166
0.2773320104651841
0.27925438412373377
0.28119008303989407
0.2831391995799379
0.285101826750391
0.28707805820246907
0.2890679882365476
0.2910717118066605
0.2930893245250321
0.29512092266663853
0.29716660317380267
0.2992264636608189
0.3013006024186122
0.30338911841942706
0.3054921113215514
0.3076096814740708
0.3097419299216581
0.3118889584093937
0.31405086938762183
0.31622776601683794
0.31841975217261254
0.3206269324505466
0.3228494121712636
0.3250872973854344
0.32734069487883827
0.32960971217745777
0.3318944575526105
0.3341950400261143
0.3365115693754908
0.33884415613920255
0.34119291162192866
0.34355794789987465
0.3459393778261219
0.34833731503601184
0.35075187395256796
0.353183169791957
0.3556313185689853
0.35809643710263606
0.36057864302164233
0.3630780547701014
0.36559479161312486
0.3681289736425315
0.370680721782576
0.3732501577957206
0.37583740428844414
0.37844258471709336
0.381065823393773
0.38370724549227886
0.38636697705406914
0.38904514499428067
0.3917418771077831
0.39445730207527846
0.3971915494694403
0.39994474976109756
0.4027170343254591
0.40550853544838394
0.4083193863326921
0.4111497211045223
0.41399967481973043
0.41686938347033553
0.41975898399100753
0.4226686142656031
0.4255984131337431
0.4285485203974396
0.43151907682776525
0.43451022417157165
0.4375221051582521
0.44055486350655343
0.44360864393143257
0.44668359215096326
0.449779854893288
0.4528975799036209
0.4560369159512962
0.45919801283686873
0.46238102139926035
0.4655860935229589
0.46881338214526524
0.47206304126359044
0.47533522594280536
0.47863009232263826
0.4819477976251274
0.485288500162121
0.48865235934283363
0.49203953568145087
0.4954501908047903
0.4988844874600122
0.5023425895223872
0.505824662003114
0.5093308710571955
0.5128613839913648
0.516416369272071
0.5199959965335159
0.5236004365857503
0.5272298614228227
0.5308844442309885
0.5345643593969717
0.5382697825162884
0.5420008904016238
0.545757861091271
0.5495408738576245
0.5533501092157368
0.5571857489319298
0.5610479760324706
0.5649369748123025
0.5688529308438416
0.5727960309858292
0.5767664633922509
0.580764417521312
0.5847900841444809
0.588843655355589
0.59292532458
0.5970352865838369
0.6011737374832782
0.6053408747539136
0.6095368972401694
0.6137620051647943
0.6180164001384161
0.6223002851691596
0.6266138646723353
0.6309573444801934
0.6353309318517436
0.6397348354826482
0.6441692655151772
0.6486344335482385
0.6531305526474723
0.6576578373554206
0.6622165037017619
0.6668067692136223
0.6714288529259522
0.6760829753919819
0.6807693586937414
0.6854882264526617
0.6902398038402419
0.6950243175887969
0.6998419960022735
0.704693068967147
0.7095777679633888
0.7144963260755135
0.7194489780036994
0.7244359600749902
0.7294575102545687
0.7345138681571151
0.7396052750582378
0.7447319739059892
0.7498942093324559
0.7550922276654342
0.7603262769401818
0.7655966069112565
0.7709034690644301
0.776247116628692
0.7816278045883297
0.7870457896950989
0.7925013304804718
0.7979946872679768
0.8035261221856173
0.8090958991783825
0.8147042840208396
0.8203515443298185
0.8260379495771788
0.8317637711026709
0.8375292821268826
0.8433347577642752
0.8491804750363139
0.8550667128846832
0.8609937521846007
0.8669618757582165
0.8729713683881117
0.8790225168308843
0.8851156098308356
0.8912509381337455
0.8974287945007486
0.9036494737223014
0.9099132726322517
0.9162204901219997
0.9225714271547634
0.9289663867799363
0.935405674147552
0.9418895965228413
0.9484184633008973
0.9549925860214359
0.9616122783836649
0.9682778562612491
0.9749896377173872
0.9817479430199844
0.9885530946569391
0.995405417351527
1.0023052380778994
1.0092528860766845
1.016248692870696
1.0232929922807548
1.0303861204416158
1.0375284158180127
1.0447202192208003
1.0519618738232235
1.0592537251772887
1.066596121230258
1.073989412341245
1.0814339512979387
1.0889300933334332
1.096478196143185
1.1040786199020736
1.1117317272815919
1.1194378834671515
1.1271974561755105
1.1350108156723155
1.1428783347897713
1.1508003889444356
1.1587773561551262
1.166809617060963
1.174897554939529
1.1830415557251646
1.1912420080273751
1.1994993031493792
1.2078138351067798
1.2161860006463678
1.2246161992650488
1.2331048332289096
1.2416523075924106
1.2502590302177201
1.2589254117941675
1.2676518658578462
1.2764388088113434
1.2852866599436155
1.2941958414499863
1.3031667784523
1.3121998990192028
1.3212956341865751
1.3304544179780915
1.3396766874259358
1.3489628825916533
1.3583134465871542
1.3677288255958495
1.3772094688939474
1.3867558288718882
1.3963683610559376
1.4060475241299144
1.4157937799570823
1.425607593602188
1.435489433353656
1.4454397707459279
1.455459080581967
1.4655478409559113
1.4757065332758947
1.4859356422870074
1.4962356560944343
1.5066070661867417
1.5170503674593367
1.5275660582380732
1.5381546403030342
1.5488166189124812
1.559552502826954
1.5703628043335531
1.5812480392703827
1.59220872705117
1.6032453906900417
1.6143585568264869
1.6255487557504833
1.6368165214278085
1.6481623915255086
1.6595869074375613
1.6710906143107072
1.6826740610704674
1.6943378004473288
1.7060823890031243
1.7179083871575875
1.7298163592151015
1.7418068733916146
1.753880501841762
1.766037820686164
1.7782794100389228
1.7906058540352947
1.8030177408595698
1.815515662773135
1.8281002161427427
1.8407720014689564
1.8535316234148125
1.8663796908346695
1.8793168168032686
1.892343618644976
1.9054607179632483
1.9186687406702891
1.9319683170169242
1.9453600816226635
1.958844673505991
1.9724227361148534
1.9860949173573716
1.9998618696327448
2.0137242498623893
2.0276827195212817
2.0417379446695296
2.0558905959841427
2.0701413487910414
2.084490883097289
2.0989398836235242
2.1134890398366477
2.1281390459827114
2.1428906011200586
2.157744409152667
2.1727011788637456
2.1877616239495516
2.202926463053456
2.2181964198002193
2.233572222830533
2.2490546058357803
2.2646443075930596
2.2803420720004186
2.296148648112363
2.312064790175594
2.328091257665008
2.344228815319923
2.360478233180578
2.376840286624876
2.3933157564053875
2.4099054286865957
2.4266100950824168
2.4434305526939712
2.4603676041476272
2.4774220576332864
2.4945947269429563
2.5118864315095797
2.529297996446145
2.5468302525850417
2.564484036517719
2.582260190634596
2.6001595631652723
2.618183008218986
2.6363313858253816
2.654605561975539
2.6730064086633116
2.691534803926917
2.710191631890842
2.7289777828080406
2.7478941531023975
2.7669416454115128
2.7861211686297693
2.805433637951713
2.8248799749157074
2.8444611074479167
2.8641779699065797
2.8840315031266055
2.904022654464451
2.924152377843337
2.9444216337987603
2.9648313895243423
2.9853826189179604
3.006076302628232
3.0269134281013046
3.047894989627983
3.069021988391158
3.090295432513592
3.111716337106017
3.1332857243155856
3.1550046233746274
3.1768740706497725
3.198895109691397
3.2210687912834346
3.2433961734934935
3.26587832172336
3.2885163087598297
3.311311214825911
3.3342641276323506
3.3573761424295485
3.3806483620598153
3.404081897010009
3.4276778654645046
3.4514373933585647
3.4753616144320576
3.499451670283573
3.5237087104248728
3.548133892335757
3.5727283815192883
3.5974933515574232
3.6224299841669874
3.6475394692560767
3.672823004980846
3.6982817978026628
3.7239170625456866
3.749730022454834
3.77572190925416
3.801893963205613
3.828247433168228
3.854783576657717
3.8815036599064823
3.908408957924021
3.9355007545577765
3.9627803425543933
3.9902490236214203
4.0179081084894
4.045758916974429
4.073802778041126
4.1020410298660686
4.130475019901614
4.159106104940223
4.187935651179182
4.216965034285822
4.24619563946313
4.275628861515864
4.305266104917106
4.335108783875289
4.365158322401661
4.395416154378247
4.4258837236262645
4.456562483975033
4.487453899331323
4.5185594437492265
4.549880601500485
4.581418867145335
4.613175745603796
4.645152752227497
4.677351412871981
4.709773263969529
4.742419852602448
4.775292736576912
4.808393484497285
4.841723675840994
4.875284901033865
4.909078761526029
4.943106869868354
4.97737084978936
5.011872336272725
5.0466129756352816
5.081594425605605
5.116818355403078
5.152286445817567
5.188000389289609
5.223961889991197
5.260172663907063
5.2966344389165805
5.333348954876208
5.370317963702527
5.4075432294558095
5.445026528424214
5.482769649208536
5.520774392807573
5.559042572704037
5.5975760149511045
5.636376558259543
5.675446054085471
5.714786366718672
5.754399373371572
5.794286964268809
5.834451042737448
5.874893525297769
5.915616341754743
5.956621435290104
5.997910762555095
6.0394862937638
6.0813500127871825
6.123503917247733
6.165950018614822
6.208690342300637
6.251726927756862
6.295061828571975
6.33869711256927
6.38263486190549
6.4268771731702
6.471426157485831
6.516283940608428
6.561452663029057
6.6069344800759575
6.652731562017413
6.698846094165265
6.745280276979222
6.792036326171843
6.839116472814292
6.886522963442762
6.9342580601656945
6.9823240407717115
7.030723198838334
7.07945784384138
7.128530301265198
7.177942912713615
7.227698036021702
7.277798045368242
7.328245331389044
7.379042301291007
7.430191378967014
7.481695005111545
7.5335556373371775
7.585775750291836
7.638357835776907
7.691304402866098
7.744617978025191
7.798301105232586
7.852356346100718
7.906786279998253
7.961593504173192
8.01678063387679
8.072350302488383
8.128305161640995
8.184647881347903
8.241381150130021
8.298507675144226
8.356030182312482
8.413951416451956
8.472274141405963
8.531001140175896
8.59013521505396
8.649679187756938
8.709635899560805
8.770008211436348
8.83079900418563
8.892011178579482
8.953647655495937
9.01571137605957
9.07820530178186
9.141132414702499
9.204495717531712
9.268298233793494
9.332543007969914
9.397233105646375
9.462371613657929
9.527961640236521
9.594006315159335
9.660508789898131
9.727472237769652
9.79489985408699
9.86279485631211
9.931160484209336
10.